,Date,Open,High,Low,Close,Adj Close,Volume
0,2017-12-12,65.510002,65.629997,64.730003,64.790001,59.510124,1130600
1,2017-12-13,65.040001,65.040001,63.959999,64.209999,58.977394,1926100
2,2017-12-14,64.209999,64.349998,63.619999,63.689999,58.499763,1369100
3,2017-12-15,63.790001,64.370003,63.560001,63.98,58.766129,5084900
4,2017-12-18,64.470001,64.699997,63.66,63.849998,58.646729,1441300
5,2017-12-19,64.360001,64.870003,63.889999,64.400002,59.151901,1559300
6,2017-12-20,64.68,64.760002,64.18,64.209999,58.977394,823300
7,2017-12-21,64.400002,64.400002,62.950001,62.98,57.847618,1138500
8,2017-12-22,62.830002,63.02,62.400002,62.599998,57.498596,949400
9,2017-12-26,62.880001,63.240002,62.740002,62.91,57.783337,329100
10,2017-12-27,62.91,63.310001,62.669998,63.220001,58.068069,519700
11,2017-12-28,63.490002,63.650002,63.009998,63.630001,58.44466,775800
12,2017-12-29,63.68,63.889999,63.279999,63.279999,58.12318,487100
13,2018-01-02,63.549999,63.549999,62.040001,62.169998,57.103626,790300
14,2018-01-03,62.279999,62.919998,62.279999,62.639999,57.535332,989800
15,2018-01-04,62.959999,63.540001,62.639999,63.220001,58.068069,931600
16,2018-01-05,63.240002,63.59,63.099998,63.509998,58.334435,811700
17,2018-01-08,63.41,63.700001,63.23,63.549999,58.371174,1004100
18,2018-01-09,63.75,64.089996,63.580002,63.630001,58.44466,648100
19,2018-01-10,63.689999,63.860001,63.360001,63.57,58.389542,768200
20,2018-01-11,63.599998,63.689999,63.07,63.400002,58.233406,834500
21,2018-01-12,63.68,63.959999,62.959999,63.880001,58.674274,836500
22,2018-01-16,63.93,64.239998,63.290001,63.419998,58.251766,970900
23,2018-01-17,63.84,64.139999,63.529999,64.050003,58.830429,637200
24,2018-01-18,63.98,64.199997,63.459999,64.029999,58.812057,782200
25,2018-01-19,64.150002,64.580002,63.970001,64.290001,59.050869,1123300
26,2018-01-22,64.419998,64.760002,64.290001,64.75,59.473381,748800
27,2018-01-23,64.779999,65.269997,64.440002,64.559998,59.298862,1406900
28,2018-01-24,64.830002,65.400002,64.32,65.120003,59.813236,1533200
29,2018-01-25,65.360001,65.889999,65.080002,65.650002,60.300037,1123300
30,2018-01-26,67.300003,70.489998,67.120003,70.489998,64.745628,2859500
31,2018-01-29,70.209999,70.550003,69.580002,69.769997,64.084297,1544600
32,2018-01-30,69.529999,70.400002,69.309998,69.330002,63.680145,1293200
33,2018-01-31,69.379997,69.970001,67.800003,68.32,62.752464,1363200
34,2018-02-01,68.300003,69.32,68.040001,69.190002,63.551559,1106100
35,2018-02-02,68.889999,69.75,68.559998,68.57,62.98209,849900
36,2018-02-05,68.230003,68.809998,66.209999,66.269997,60.869518,1778200
37,2018-02-06,65.019997,66.120003,64.099998,65.400002,60.070415,2423900
38,2018-02-07,65.360001,67.25,65.230003,66.110001,60.722553,1247800
39,2018-02-08,66.18,67.019997,64.370003,64.400002,59.151901,2399500
40,2018-02-09,64.889999,65.43,63.540001,64.940002,59.647915,1914500
41,2018-02-12,65.279999,66.43,64.879997,66.209999,60.8144,1267000
42,2018-02-13,66.019997,67.169998,65.900002,66.980003,61.521652,988700
43,2018-02-14,66.599998,68.32,66.5,68.199997,62.642239,776700
44,2018-02-15,68.669998,69.110001,68.349998,69.050003,63.422981,912400
45,2018-02-16,68.919998,69.410004,68.470001,68.970001,63.349483,1111300
46,2018-02-20,68.919998,69.940002,68.669998,69.309998,63.661777,1051300
47,2018-02-21,69.230003,70.190002,68.870003,68.910004,63.294392,1174000
48,2018-02-22,69.0,69.279999,67.959999,68.129997,62.577942,1384100
49,2018-02-23,68.529999,69.019997,68.300003,68.989998,63.367863,880000
50,2018-02-26,69.260002,69.82,69.209999,69.760002,64.075104,928000
51,2018-02-27,69.610001,71.300003,69.599998,69.980003,64.277184,1656100
52,2018-02-28,70.379997,70.82,69.110001,69.110001,63.478077,947700
53,2018-03-01,68.889999,69.589996,67.879997,68.370003,63.173168,1415200
54,2018-03-02,67.940002,68.760002,67.629997,68.660004,63.44112,808400
55,2018-03-05,68.370003,69.949997,68.290001,69.660004,64.365105,1187700
56,2018-03-06,69.769997,69.769997,68.809998,69.610001,64.318901,836100
57,2018-03-07,69.169998,69.919998,69.080002,69.550003,64.263451,708000
58,2018-03-08,69.93,70.120003,69.349998,70.050003,64.725479,770300
59,2018-03-09,71.290001,72.769997,70.379997,72.629997,67.10936,1676300
60,2018-03-12,72.519997,72.519997,71.400002,71.709999,66.259285,1064000
61,2018-03-13,72.139999,72.160004,71.129997,71.269997,65.852722,931000
62,2018-03-14,71.419998,71.419998,70.470001,70.739998,65.363007,848100
63,2018-03-15,71.110001,71.18,70.510002,70.739998,65.363007,826200
64,2018-03-16,70.739998,71.400002,70.529999,71.010002,65.61248,2564200
65,2018-03-19,71.040001,71.400002,70.07,70.519997,65.159737,1287200
66,2018-03-20,70.800003,71.190002,70.57,70.849998,65.464638,750300
67,2018-03-21,70.910004,71.040001,70.239998,70.269997,64.928719,753100
68,2018-03-22,69.760002,70.330002,68.540001,68.57,63.357964,971800
69,2018-03-23,68.57,68.660004,66.620003,66.690002,61.620853,1294700
70,2018-03-26,67.260002,68.279999,66.779999,68.230003,63.043827,1986800
71,2018-03-27,68.400002,68.760002,67.120003,67.529999,62.397011,830900
72,2018-03-28,67.769997,68.639999,67.269997,68.199997,63.016083,944300
73,2018-03-29,68.639999,69.120003,68.029999,68.730003,63.505821,1265500
74,2018-04-02,68.650002,68.75,66.07,67.099998,61.999691,1277400
75,2018-04-03,67.220001,68.029999,66.989998,67.849998,62.692673,1221900
76,2018-04-04,66.989998,68.519997,66.809998,68.400002,63.200882,1201400
77,2018-04-05,68.639999,68.830002,68.18,68.43,63.228603,786900
78,2018-04-06,67.889999,68.290001,66.580002,67.089996,61.990452,934100
79,2018-04-09,67.339996,68.379997,67.099998,67.43,62.3046,746300
80,2018-04-10,68.269997,68.730003,67.879997,68.370003,63.173168,1109300
81,2018-04-11,67.800003,68.300003,67.489998,68.050003,62.877491,665200
82,2018-04-12,68.25,68.989998,68.120003,68.559998,63.348713,683000
83,2018-04-13,69.010002,69.230003,68.32,68.449997,63.247082,847100
84,2018-04-16,68.959999,69.879997,68.849998,69.279999,64.013977,561800
85,2018-04-17,69.860001,70.18,69.5,69.650002,64.355858,1052000
86,2018-04-18,69.830002,70.220001,69.480003,69.82,64.512955,865400
87,2018-04-19,69.839996,70.410004,69.639999,70.099998,64.771667,870200
88,2018-04-20,70.230003,70.410004,69.5,69.970001,64.65155,932400
89,2018-04-23,69.970001,70.339996,69.470001,70.269997,64.928719,725100
90,2018-04-24,70.449997,70.5,68.940002,69.559998,64.272705,703600
91,2018-04-25,69.540001,69.839996,68.690002,69.379997,64.106392,856300
92,2018-04-26,69.589996,70.660004,68.699997,70.230003,64.891785,989500
93,2018-04-27,69.970001,70.760002,69.809998,70.620003,65.252136,540800
94,2018-04-30,70.660004,70.940002,69.980003,69.989998,64.670029,841600
95,2018-05-01,69.949997,70.059998,69.099998,69.910004,64.596107,1095800
96,2018-05-02,68.720001,69.800003,67.019997,68.639999,63.422649,2198000
97,2018-05-03,68.199997,68.830002,67.150002,68.559998,63.348713,1374100
98,2018-05-04,68.139999,69.169998,67.779999,68.940002,63.699829,815200
99,2018-05-07,68.910004,69.360001,68.599998,69.019997,63.773754,723700
100,2018-05-08,68.620003,69.0,68.489998,68.709999,63.487316,921000
101,2018-05-09,68.790001,69.059998,68.0,68.660004,63.44112,696400
102,2018-05-10,68.779999,69.32,68.519997,69.260002,63.995522,1026300
103,2018-05-11,69.169998,69.519997,68.639999,68.739998,63.515045,766000
104,2018-05-14,68.970001,69.169998,67.510002,67.550003,62.415501,825600
105,2018-05-15,67.230003,67.760002,66.699997,66.860001,61.777946,793900
106,2018-05-16,66.900002,67.209999,66.529999,66.620003,61.556168,745000
107,2018-05-17,66.470001,67.099998,66.220001,66.940002,61.851868,998600
108,2018-05-18,66.970001,67.790001,66.809998,67.529999,62.397011,1179100
109,2018-05-21,67.669998,68.25,67.669998,68.110001,62.932919,613500
110,2018-05-22,68.099998,68.400002,67.940002,68.139999,62.960636,532900
111,2018-05-23,67.900002,68.199997,67.629997,68.010002,62.840515,582200
112,2018-05-24,67.889999,68.18,67.669998,68.150002,62.969883,866400
113,2018-05-25,67.980003,68.099998,67.239998,67.620003,62.480179,726800
114,2018-05-29,66.940002,67.230003,65.470001,65.800003,60.798515,1039000
115,2018-05-30,66.230003,67.260002,66.169998,66.980003,61.888817,1226900
116,2018-05-31,66.5,67.010002,66.099998,66.279999,61.619213,1418200
117,2018-06-01,66.93,67.089996,66.199997,66.230003,61.57272,1136400
118,2018-06-04,66.559998,66.760002,66.25,66.470001,61.795841,699300
119,2018-06-05,66.339996,66.510002,65.790001,66.400002,61.730766,534600
120,2018-06-06,66.580002,66.919998,66.290001,66.910004,62.204903,721200
121,2018-06-07,67.0,67.32,66.839996,67.239998,62.511696,552100
122,2018-06-08,67.230003,67.790001,67.160004,67.779999,63.013729,527300
123,2018-06-11,67.910004,67.959999,67.120003,67.239998,62.511696,833700
124,2018-06-12,67.300003,67.300003,66.349998,66.370003,61.702873,711500
125,2018-06-13,66.5,67.110001,66.150002,66.160004,61.50766,942800
126,2018-06-14,66.519997,66.550003,65.790001,65.980003,61.340302,741300
127,2018-06-15,65.779999,65.900002,64.779999,65.809998,61.182259,1618300
128,2018-06-18,65.849998,66.559998,65.470001,66.389999,61.721485,1001400
129,2018-06-19,65.849998,66.349998,65.75,66.019997,61.377483,903400
130,2018-06-20,66.110001,66.449997,65.419998,65.550003,60.940552,936400
131,2018-06-21,65.360001,65.75,65.160004,65.519997,60.912647,1342200
132,2018-06-22,66.0,67.139999,65.720001,66.739998,62.046844,2609600
133,2018-06-25,66.620003,66.830002,65.959999,66.379997,61.71217,960000
134,2018-06-26,66.449997,66.449997,65.860001,66.029999,61.386791,632500
135,2018-06-27,65.889999,66.25,64.75,64.769997,60.215389,685600
136,2018-06-28,64.769997,65.379997,64.540001,65.120003,60.540775,712600
137,2018-06-29,65.43,65.790001,64.919998,65.279999,60.689526,1891400
138,2018-07-02,65.029999,65.68,65.0,65.260002,60.670929,1026200
139,2018-07-03,65.699997,66.360001,65.440002,65.529999,60.921936,457000
140,2018-07-05,65.800003,66.120003,65.400002,66.089996,61.44257,754200
141,2018-07-06,66.150002,67.220001,66.010002,66.809998,62.111938,878700
142,2018-07-09,66.910004,68.230003,66.910004,68.169998,63.376305,721400
143,2018-07-10,67.949997,68.110001,67.709999,68.040001,63.255436,664500
144,2018-07-11,67.900002,68.330002,67.870003,68.190002,63.394905,783800
145,2018-07-12,68.5,68.709999,68.099998,68.660004,63.831841,754800
146,2018-07-13,68.599998,68.93,68.410004,68.860001,64.017784,564300
147,2018-07-16,68.879997,69.57,68.82,69.459999,64.575592,810800
148,2018-07-17,69.760002,69.870003,69.190002,69.690002,64.789421,585800
149,2018-07-18,69.699997,70.540001,69.550003,70.5,65.54245,887300
150,2018-07-19,70.139999,70.639999,70.139999,70.300003,65.356537,932400
151,2018-07-20,70.059998,70.57,69.879997,70.389999,65.440201,875600
152,2018-07-23,70.389999,71.0,70.129997,70.790001,65.812057,918300
153,2018-07-24,71.0,71.0,70.379997,70.510002,65.551758,863200
154,2018-07-25,70.379997,71.239998,70.370003,71.160004,66.156052,901200
155,2018-07-26,71.32,71.43,71.010002,71.199997,66.193237,1401800
156,2018-07-27,71.5,73.110001,70.800003,70.889999,65.905029,1329500
157,2018-07-30,71.040001,71.699997,70.980003,71.139999,66.137451,935500
158,2018-07-31,71.239998,71.449997,71.010002,71.349998,66.33268,1493100
159,2018-08-01,71.389999,71.419998,70.870003,71.339996,66.323402,912200
160,2018-08-02,70.860001,71.230003,70.360001,71.150002,66.146744,923300
161,2018-08-03,71.150002,71.459999,70.879997,71.459999,66.434952,534300
162,2018-08-06,71.5,71.720001,71.349998,71.540001,66.509315,651500
163,2018-08-07,71.599998,71.900002,71.389999,71.589996,66.555794,732700
164,2018-08-08,71.620003,71.970001,71.300003,71.650002,66.611595,671300
165,2018-08-09,71.779999,71.879997,71.32,71.360001,66.341972,537300
166,2018-08-10,71.019997,71.040001,70.57,70.870003,65.886444,645600
167,2018-08-13,70.900002,71.160004,70.139999,70.43,65.477371,714100
168,2018-08-14,70.459999,70.849998,70.400002,70.660004,65.691216,518600
169,2018-08-15,70.330002,71.199997,70.07,71.120003,66.118866,702200
170,2018-08-16,71.400002,72.230003,71.349998,71.910004,66.85331,767800
171,2018-08-17,71.849998,72.379997,71.839996,72.209999,67.13221,795300
172,2018-08-20,72.480003,72.559998,71.940002,71.970001,66.909088,590500
173,2018-08-21,71.919998,72.529999,71.849998,72.360001,67.271667,554000
174,2018-08-22,72.25,72.309998,71.629997,71.669998,66.630188,516600
175,2018-08-23,71.699997,71.82,71.459999,71.75,66.704552,418200
176,2018-08-24,72.0,72.190002,71.660004,72.150002,67.076431,381600
177,2018-08-27,72.449997,72.650002,72.260002,72.300003,67.215889,470600
178,2018-08-28,72.269997,72.43,71.93,72.139999,67.067162,444100
179,2018-08-29,72.160004,72.5,71.970001,72.279999,67.197296,418300
180,2018-08-30,72.279999,72.279999,71.5,71.669998,66.630188,681700
181,2018-08-31,71.43,72.199997,71.43,72.139999,67.067162,656300
182,2018-09-04,72.110001,73.0,72.110001,72.989998,67.857361,747200
183,2018-09-05,73.029999,73.660004,72.760002,73.529999,68.35939,862400
184,2018-09-06,73.080002,73.980003,73.029999,73.860001,69.051208,570900
185,2018-09-07,73.68,74.099998,73.550003,73.760002,68.957726,623400
186,2018-09-10,74.059998,74.550003,73.589996,74.190002,69.359734,722600
187,2018-09-11,73.93,74.309998,73.739998,74.129997,69.30365,634100
188,2018-09-12,74.0,74.139999,73.519997,73.550003,68.761398,472900
189,2018-09-13,73.660004,74.839996,73.620003,74.620003,69.761749,832600
190,2018-09-14,75.0,75.190002,74.660004,74.889999,70.01413,567300
191,2018-09-17,75.0,75.220001,74.830002,75.120003,70.229156,914900
192,2018-09-18,75.040001,75.269997,74.160004,75.029999,70.145035,766300
193,2018-09-19,75.129997,76.050003,74.980003,75.730003,70.799446,1147800
194,2018-09-20,76.150002,76.220001,75.760002,76.129997,71.173393,790900
195,2018-09-21,76.309998,76.489998,75.849998,75.910004,70.967735,1370900
196,2018-09-24,75.830002,75.830002,75.029999,75.150002,70.257217,692700
197,2018-09-25,75.089996,75.470001,74.480003,74.550003,69.696289,554500
198,2018-09-26,74.610001,74.610001,73.900002,74.019997,69.20079,472700
199,2018-09-27,74.110001,74.75,73.949997,74.449997,69.602798,561500
200,2018-09-28,74.309998,74.599998,74.050003,74.440002,69.593445,681600
201,2018-10-01,74.769997,75.190002,74.5,75.169998,70.275925,542800
202,2018-10-02,75.080002,75.410004,74.739998,75.349998,70.444214,639000
203,2018-10-03,75.610001,75.699997,75.089996,75.110001,70.219818,580900
204,2018-10-04,75.110001,75.760002,75.059998,75.709999,70.780769,638600
205,2018-10-05,75.639999,75.989998,74.790001,74.849998,69.976753,759300
206,2018-10-08,74.68,75.650002,74.559998,75.480003,70.565735,461300
207,2018-10-09,75.5,75.75,75.110001,75.410004,70.500313,543400
208,2018-10-10,75.120003,75.32,73.25,73.279999,68.508957,709800
209,2018-10-11,73.209999,73.300003,71.279999,71.290001,66.648521,1012400
210,2018-10-12,71.940002,72.0,70.400002,71.25,66.611137,1019200
211,2018-10-15,71.230003,71.580002,70.790001,70.790001,66.181091,885900
212,2018-10-16,71.0,71.93,70.510002,71.879997,67.200119,935700
213,2018-10-17,71.830002,72.580002,71.349998,72.110001,67.415161,709400
214,2018-10-18,72.050003,72.629997,71.32,71.660004,66.994446,879300
215,2018-10-19,71.68,73.040001,71.510002,72.669998,67.938683,1212900
216,2018-10-22,72.790001,72.949997,72.300003,72.720001,67.985428,577300
217,2018-10-23,71.610001,72.529999,71.220001,72.349998,67.639526,1481500
218,2018-10-24,72.190002,72.389999,71.220001,71.349998,66.704628,1089800
219,2018-10-25,71.559998,73.540001,71.18,72.970001,68.21917,1054700
220,2018-10-26,72.559998,74.599998,72.410004,74.029999,69.210136,1571400
221,2018-10-29,74.849998,75.550003,73.059998,73.849998,69.041862,1532300
222,2018-10-30,74.169998,74.419998,73.129997,74.309998,69.471909,1114200
223,2018-10-31,74.790001,75.330002,73.959999,74.010002,69.191452,1334400
224,2018-11-01,74.099998,74.779999,73.419998,74.599998,69.743034,1302100
225,2018-11-02,75.32,75.699997,73.529999,74.669998,69.808479,1275900
226,2018-11-05,74.82,75.57,74.330002,75.510002,70.593788,988600
227,2018-11-06,75.760002,76.25,75.400002,75.839996,70.90229,1039200
228,2018-11-07,76.129997,76.980003,75.650002,76.959999,71.949371,940200
229,2018-11-08,76.790001,77.769997,76.739998,77.769997,72.706635,872500
230,2018-11-09,77.779999,78.370003,77.580002,78.050003,72.968422,963300
231,2018-11-12,78.120003,78.330002,77.489998,77.660004,72.603806,1077600
232,2018-11-13,77.550003,78.5,77.07,77.5,72.454201,1247100
233,2018-11-14,77.879997,77.879997,75.879997,76.419998,71.444527,1145900
234,2018-11-15,76.040001,77.419998,75.769997,77.370003,72.33268,1086900
235,2018-11-16,76.949997,78.510002,76.800003,78.379997,73.276939,1103300
236,2018-11-19,78.379997,79.029999,78.019997,78.32,73.220833,1196500
237,2018-11-20,77.989998,78.080002,77.010002,77.150002,72.127029,1026600
238,2018-11-21,77.190002,77.830002,76.449997,76.459999,71.481926,998000
239,2018-11-23,76.010002,77.209999,75.980003,76.669998,71.678253,421400
240,2018-11-26,77.269997,77.370003,76.339996,76.860001,71.855881,1087400
241,2018-11-27,76.639999,77.260002,76.370003,76.93,71.921333,1021100
242,2018-11-28,76.910004,78.129997,76.800003,78.089996,73.005814,1163600
243,2018-11-29,77.720001,78.480003,77.720001,78.029999,72.949722,961600
244,2018-11-30,77.900002,78.75,77.07,77.07,72.052231,4205800
245,2018-12-03,77.769997,78.330002,76.230003,77.959999,72.884285,2063600
246,2018-12-04,77.650002,78.330002,76.029999,76.110001,71.154701,1402800
247,2018-12-06,75.080002,75.199997,73.690002,75.059998,70.553146,1738100
248,2018-12-07,75.139999,75.93,74.199997,74.519997,70.045555,955200
249,2018-12-10,74.650002,74.879997,73.389999,74.540001,70.064377,1069200
250,2018-12-11,75.269997,75.489998,74.300003,74.919998,70.42157,1132300
251,2018-12-12,75.709999,76.050003,75.110001,75.449997,70.919724,815500
252,2018-12-13,75.239998,75.779999,74.699997,75.349998,70.825729,1388600
253,2018-12-14,74.940002,75.160004,73.809998,74.18,69.72599,955000
254,2018-12-17,74.129997,74.239998,72.099998,72.410004,68.062279,997200
255,2018-12-18,72.779999,73.18,72.07,72.849998,68.475845,1395000
256,2018-12-19,72.900002,74.760002,72.900002,73.32,68.917633,1840600
257,2018-12-20,73.209999,73.349998,72.309998,72.900002,68.522835,2045900
258,2018-12-21,72.910004,74.269997,71.040001,71.059998,66.793312,2428900
259,2018-12-24,70.830002,70.889999,68.940002,68.989998,64.847618,649300
260,2018-12-26,69.220001,71.309998,68.190002,71.309998,67.02832,778900
261,2018-12-27,70.559998,72.290001,69.830002,72.290001,67.949486,772400
262,2018-12-28,72.459999,73.269997,72.190002,72.519997,68.165649,669900
263,2018-12-31,72.68,73.699997,72.68,73.699997,69.274818,680800
264,2019-01-02,72.660004,73.07,71.43,71.889999,67.573486,1060500
265,2019-01-03,71.639999,71.989998,70.440002,70.540001,66.30455,970600
266,2019-01-04,71.300003,72.379997,71.089996,72.32,67.977654,1159300
267,2019-01-07,71.959999,73.169998,71.949997,72.110001,67.780289,859800
268,2019-01-08,72.839996,73.050003,71.459999,72.43,68.081062,895700
269,2019-01-09,72.849998,73.419998,72.720001,73.279999,68.88002,1355800
270,2019-01-10,72.93,73.730003,72.699997,73.690002,69.265419,595500
271,2019-01-11,73.269997,73.349998,72.43,72.699997,68.334846,998100
272,2019-01-14,72.389999,72.910004,72.279999,72.660004,68.297256,1350300
273,2019-01-15,72.650002,73.080002,72.370003,72.910004,68.532242,921700
274,2019-01-16,73.0,73.900002,72.650002,73.720001,69.293594,1176000
275,2019-01-17,73.330002,74.110001,73.169998,73.910004,69.472183,798100
276,2019-01-18,74.139999,74.550003,74.010002,74.410004,69.942177,1124100
277,2019-01-22,74.230003,74.720001,72.879997,73.379997,68.974007,1108300
278,2019-01-23,73.550003,73.900002,72.870003,73.699997,69.274818,772200
279,2019-01-24,73.620003,73.800003,73.220001,73.510002,69.096214,1192200
280,2019-01-25,73.959999,74.220001,73.209999,73.5,69.086807,1080700
281,2019-01-28,73.120003,74.0,72.400002,72.980003,68.598045,815000
282,2019-01-29,72.919998,72.919998,71.550003,71.919998,67.601692,1455700
283,2019-01-30,72.110001,73.110001,71.760002,72.889999,68.513435,1225300
284,2019-01-31,73.0,74.849998,73.0,74.709999,70.224159,1820500
285,2019-02-01,75.0,76.93,73.900002,76.879997,72.263863,2295500
286,2019-02-04,76.75,77.220001,76.080002,77.220001,72.58345,1395000
287,2019-02-05,77.220001,78.650002,76.75,78.459999,73.749008,1471800
288,2019-02-06,78.43,78.620003,77.480003,78.400002,73.692619,1699900
289,2019-02-07,77.919998,78.029999,76.949997,77.989998,73.307228,1018900
290,2019-02-08,77.610001,78.839996,77.610001,78.830002,74.096771,844500
291,2019-02-11,78.959999,79.980003,78.580002,79.889999,75.093147,836600
292,2019-02-12,80.209999,80.410004,79.559998,79.690002,74.905144,1278100
293,2019-02-13,79.769997,80.190002,79.400002,79.540001,74.764145,934700
294,2019-02-14,79.010002,79.629997,78.57,78.879997,74.143791,1166600
295,2019-02-15,79.57,80.150002,79.419998,79.839996,75.046143,1028700
296,2019-02-19,79.650002,80.470001,79.389999,80.370003,75.544327,906300
297,2019-02-20,80.599998,80.709999,80.18,80.489998,75.657097,811100
298,2019-02-21,80.580002,80.760002,80.279999,80.639999,75.798111,963200
299,2019-02-22,80.900002,81.089996,80.300003,80.599998,75.760513,981000
300,2019-02-25,80.900002,81.050003,80.239998,80.339996,75.516113,662000
301,2019-02-26,80.160004,80.550003,79.870003,79.889999,75.093147,756600
302,2019-02-27,79.660004,80.519997,79.43,80.519997,75.685295,866300
303,2019-02-28,80.25,80.519997,79.910004,80.279999,75.864853,1485300
304,2019-03-01,80.620003,80.720001,79.849998,80.32,75.902657,966100
305,2019-03-04,80.419998,80.559998,79.169998,79.620003,75.241158,957700
306,2019-03-05,79.800003,80.470001,79.419998,80.0,75.600258,1700700
307,2019-03-06,80.080002,80.120003,78.830002,78.879997,74.541862,1031800
308,2019-03-07,78.800003,78.800003,77.760002,78.239998,73.937035,1189300
309,2019-03-08,77.790001,77.970001,77.220001,77.910004,73.625214,812800
310,2019-03-11,78.199997,79.040001,77.879997,79.040001,74.693054,1442200
311,2019-03-12,79.330002,79.540001,78.940002,79.07,74.721397,1096500
312,2019-03-13,79.32,79.610001,78.949997,79.059998,74.711945,866300
313,2019-03-14,79.040001,79.599998,78.849998,79.589996,75.212799,852800
314,2019-03-15,79.449997,80.330002,79.32,80.279999,75.864853,4188400
315,2019-03-18,80.099998,80.43,79.360001,79.529999,75.15612,1617700
316,2019-03-19,79.57,79.82,78.980003,79.230003,74.872612,1045400
317,2019-03-20,78.940002,79.470001,77.790001,77.82,73.540154,1131700
318,2019-03-21,77.5,79.07,77.5,78.900002,74.560768,795300
319,2019-03-22,78.410004,79.18,78.32,78.879997,74.541862,992300
320,2019-03-25,79.050003,79.139999,78.440002,78.599998,74.277267,657500
321,2019-03-26,79.050003,79.32,78.459999,78.690002,74.362305,876100
322,2019-03-27,78.57,78.870003,77.860001,78.220001,73.918167,939300
323,2019-03-28,78.220001,78.540001,76.650002,77.129997,72.8881,1976200
324,2019-03-29,77.559998,78.169998,77.349998,78.099998,73.804749,1856000
325,2019-04-01,78.75,79.110001,78.360001,79.029999,74.683594,1019400
326,2019-04-02,79.150002,79.309998,78.57,78.57,74.248894,649000
327,2019-04-03,78.970001,78.970001,78.169998,78.370003,74.059914,794800
328,2019-04-04,78.559998,78.779999,78.120003,78.669998,74.343399,687300
329,2019-04-05,78.629997,78.800003,78.089996,78.300003,73.993767,1124300
330,2019-04-08,78.279999,78.32,77.830002,77.959999,73.672462,847800
331,2019-04-09,77.769997,78.040001,77.580002,77.980003,73.691353,1812500
332,2019-04-10,78.07,78.620003,77.980003,78.599998,74.277267,872300
333,2019-04-11,78.629997,79.800003,78.629997,79.669998,75.288429,1329900
334,2019-04-12,80.150002,80.739998,80.010002,80.519997,76.091667,909000
335,2019-04-15,80.5,80.730003,80.120003,80.610001,76.176712,681100
336,2019-04-16,80.75,81.07,80.629997,80.900002,76.450768,670000
337,2019-04-17,81.050003,81.050003,79.25,80.260002,75.84597,1133900
338,2019-04-18,80.150002,80.57,79.769997,80.419998,75.997147,1030300
339,2019-04-22,80.080002,80.199997,79.68,80.18,75.770355,751800
340,2019-04-23,80.370003,81.639999,80.290001,81.580002,77.093376,1141400
341,2019-04-24,81.540001,82.660004,81.419998,82.059998,77.546959,872300
342,2019-04-25,81.620003,82.989998,81.269997,82.790001,78.236824,918000
343,2019-04-26,83.0,84.139999,81.900002,83.150002,78.577011,1369700
344,2019-04-29,83.330002,83.900002,82.860001,82.949997,78.388023,1021600
345,2019-04-30,82.800003,83.669998,82.400002,83.620003,79.021187,1139200
346,2019-05-01,83.470001,83.5,82.120003,82.32,77.792664,972100
347,2019-05-02,82.379997,82.959999,81.889999,82.889999,78.331337,755400
348,2019-05-03,83.050003,83.470001,82.480003,83.129997,78.558121,586200
349,2019-05-06,82.220001,84.120003,82.220001,83.559998,78.964478,670500
350,2019-05-07,83.089996,83.459999,81.82,82.260002,77.73597,638600
351,2019-05-08,81.970001,83.010002,81.879997,82.690002,78.142334,924200
352,2019-05-09,82.190002,82.589996,81.389999,82.220001,77.698158,869500
353,2019-05-10,81.940002,83.550003,81.580002,83.470001,78.87941,620500
354,2019-05-13,82.57,83.339996,81.559998,81.949997,77.443008,892900
355,2019-05-14,81.860001,83.07,81.860001,82.480003,77.943878,877700
356,2019-05-15,82.110001,83.25,82.07,82.709999,78.161232,664200
357,2019-05-16,83.010002,84.110001,82.980003,83.790001,79.181824,847200
358,2019-05-17,83.129997,84.099998,83.0,83.349998,78.765999,780200
359,2019-05-20,83.230003,83.599998,82.889999,83.290001,78.70932,1146800
360,2019-05-21,83.620003,84.150002,83.620003,83.849998,79.238525,689500
361,2019-05-22,83.910004,84.809998,83.519997,84.790001,80.126831,845500
362,2019-05-23,84.290001,84.5,83.529999,84.150002,79.522034,769700
363,2019-05-24,84.510002,84.580002,83.919998,84.279999,79.644882,527000
364,2019-05-28,84.309998,84.839996,83.849998,83.910004,79.295227,1121400
365,2019-05-29,83.82,84.089996,83.260002,84.040001,79.418076,526200
366,2019-05-30,84.269997,84.68,84.010002,84.480003,79.833878,861200
367,2019-05-31,84.029999,84.75,83.910004,84.199997,79.569267,852700
368,2019-06-03,84.199997,85.699997,83.68,85.580002,80.87339,988400
369,2019-06-04,86.239998,86.480003,84.839996,85.870003,81.14743,1005000
370,2019-06-05,85.860001,87.779999,85.769997,87.760002,82.933479,816400
371,2019-06-06,87.339996,87.639999,86.870003,87.309998,82.914482,576300
372,2019-06-07,87.57,88.32,87.5,87.790001,83.370331,905600
373,2019-06-10,88.160004,88.339996,87.610001,87.82,83.398811,698400
374,2019-06-11,88.010002,88.309998,87.220001,87.449997,83.04744,671200
375,2019-06-12,87.690002,88.580002,87.489998,87.709999,83.294357,610500
376,2019-06-13,88.0,88.0,86.959999,87.120003,82.73407,950300
377,2019-06-14,87.120003,87.900002,86.82,87.699997,83.284859,614500
378,2019-06-17,87.769997,87.989998,86.230003,86.290001,81.945847,901900
379,2019-06-18,86.32,86.610001,85.629997,86.040001,81.708427,850800
380,2019-06-19,86.169998,87.07,86.169998,86.790001,82.42067,790200
381,2019-06-20,87.230003,87.870003,87.019997,87.5,83.094925,1667900
382,2019-06-21,87.620003,87.620003,86.510002,86.540001,82.183258,1239000
383,2019-06-24,86.720001,87.32,86.470001,86.980003,82.601097,634700
384,2019-06-25,86.879997,87.089996,86.139999,86.199997,81.860374,873500
385,2019-06-26,86.160004,86.349998,84.620003,84.629997,80.369415,798200
386,2019-06-27,84.599998,86.089996,84.459999,85.940002,81.613464,657900
387,2019-06-28,86.220001,87.620003,85.830002,87.589996,83.180389,2352500
388,2019-07-01,88.050003,89.459999,87.790001,89.440002,84.937279,1224700
389,2019-07-02,89.349998,90.480003,89.230003,90.330002,85.782455,1038100
390,2019-07-03,90.199997,91.440002,90.199997,91.400002,86.798599,561700
391,2019-07-05,91.209999,91.209999,89.75,90.589996,86.029366,701900
392,2019-07-08,90.279999,90.599998,90.160004,90.370003,85.820442,724700
393,2019-07-09,90.089996,90.790001,90.059998,90.760002,86.190804,665200
394,2019-07-10,90.849998,91.300003,90.260002,90.860001,86.285774,536200
395,2019-07-11,90.870003,91.440002,90.459999,91.379997,86.779594,1286200
396,2019-07-12,91.669998,91.870003,90.800003,91.830002,87.206947,1005800
397,2019-07-15,91.900002,92.220001,91.639999,92.220001,87.577309,1125200
398,2019-07-16,92.290001,92.370003,91.760002,92.190002,87.548805,1352800
399,2019-07-17,92.010002,92.199997,91.690002,91.949997,87.320908,1467100
400,2019-07-18,92.029999,92.629997,91.760002,92.050003,87.41584,1237600
401,2019-07-19,92.25,92.339996,91.459999,91.809998,87.18795,2409200
402,2019-07-22,91.739998,92.410004,91.019997,91.25,86.656143,1675600
403,2019-07-23,91.510002,92.18,91.019997,91.949997,87.320908,975800
404,2019-07-24,91.760002,92.43,91.209999,92.370003,87.719757,822900
405,2019-07-25,92.150002,92.559998,91.620003,91.849998,87.225937,1099900
406,2019-07-26,91.599998,92.739998,90.260002,92.330002,87.68177,1395800
407,2019-07-29,92.300003,92.32,91.419998,92.0,87.368385,1100200
408,2019-07-30,91.620003,92.160004,91.309998,91.809998,87.18795,1324800
409,2019-07-31,91.699997,92.419998,90.059998,90.43,85.877411,956000
410,2019-08-01,90.440002,91.510002,89.839996,89.970001,85.440582,1160900
411,2019-08-02,90.040001,90.459999,88.989998,90.080002,85.545044,956000
412,2019-08-05,89.019997,89.199997,85.900002,86.449997,82.097786,1163000
413,2019-08-06,86.57,88.68,86.349998,88.559998,84.101563,1103800
414,2019-08-07,87.629997,88.989998,86.849998,88.330002,83.883141,1015400
415,2019-08-08,89.059998,90.410004,88.900002,90.199997,85.658997,792300
416,2019-08-09,90.18,90.900002,89.330002,90.419998,85.867928,571600
417,2019-08-12,89.910004,90.559998,88.660004,88.730003,84.263,416100
418,2019-08-13,89.010002,90.459999,88.239998,90.019997,85.488045,532500
419,2019-08-14,89.010002,89.599998,87.199997,87.919998,83.49379,1046800
420,2019-08-15,88.029999,88.970001,87.849998,88.5,84.044579,570700
421,2019-08-16,88.989998,89.860001,88.360001,89.720001,85.203163,1072800
422,2019-08-19,90.550003,91.099998,90.379997,90.540001,85.98188,579900
423,2019-08-20,90.32,90.379997,89.459999,89.559998,85.051216,633500
424,2019-08-21,90.080002,90.660004,89.800003,90.459999,85.905907,624000
425,2019-08-22,90.57,91.099998,89.889999,90.870003,86.295265,576200
426,2019-08-23,90.589996,91.449997,87.629997,88.010002,83.579254,1101200
427,2019-08-26,88.660004,89.010002,87.760002,88.389999,83.940125,1320500
428,2019-08-27,88.68,89.309998,88.010002,88.040001,83.60775,1174000
429,2019-08-28,88.050003,88.379997,87.43,87.900002,83.474792,1039200
430,2019-08-29,88.489998,89.260002,88.050003,88.779999,84.310493,1009900
431,2019-08-30,89.519997,91.110001,89.349998,90.709999,86.143318,1214200
432,2019-09-03,90.019997,90.300003,89.209999,89.660004,85.146187,860900
433,2019-09-04,90.279999,90.559998,89.440002,90.019997,85.488045,594400
434,2019-09-05,90.540001,90.93,89.410004,89.730003,85.621658,574600
435,2019-09-06,89.769997,91.0,89.510002,90.5,86.3564,741200
436,2019-09-09,90.949997,90.949997,89.550003,89.870003,85.755241,666700
437,2019-09-10,89.860001,90.010002,86.889999,88.080002,84.047211,970400
438,2019-09-11,88.099998,88.370003,87.050003,87.949997,83.923157,914800
439,2019-09-12,88.269997,89.160004,87.739998,87.809998,83.789566,996200
440,2019-09-13,87.849998,88.120003,86.529999,86.980003,82.997559,1111300
441,2019-09-16,86.449997,87.610001,86.209999,87.559998,83.550995,1075900
442,2019-09-17,87.889999,89.82,87.889999,89.639999,85.535759,1297100
443,2019-09-18,89.480003,90.239998,88.889999,89.879997,85.764771,755500
444,2019-09-19,89.959999,90.449997,89.389999,89.470001,85.373573,740100
445,2019-09-20,89.540001,89.860001,88.389999,88.800003,84.73423,1495100
446,2019-09-23,88.160004,88.949997,88.160004,88.389999,84.342995,596500
447,2019-09-24,88.68,89.370003,88.279999,88.839996,84.7724,863000
448,2019-09-25,88.790001,89.260002,88.5,88.940002,84.867813,691900
449,2019-09-26,89.059998,90.07,88.360001,89.800003,85.688446,659000
450,2019-09-27,90.440002,90.440002,88.190002,88.809998,84.743767,446700
451,2019-09-30,89.07,89.940002,88.870003,89.57,85.468987,540100
452,2019-10-01,89.989998,90.010002,87.860001,87.940002,83.913612,738500
453,2019-10-02,87.440002,87.709999,85.339996,86.330002,82.377319,775400
454,2019-10-03,86.260002,87.169998,85.480003,87.110001,83.121613,507400
455,2019-10-04,87.220001,89.199997,87.110001,89.019997,84.94416,590300
456,2019-10-07,88.550003,89.230003,87.809998,88.559998,84.505226,739100
457,2019-10-08,87.949997,88.050003,86.75,86.760002,82.787636,997200
458,2019-10-09,87.599998,87.830002,86.519997,87.32,83.321999,749800
459,2019-10-10,87.260002,88.199997,86.290001,87.470001,83.465134,796900
460,2019-10-11,88.230003,88.690002,87.949997,87.980003,83.951782,1014700
461,2019-10-14,87.629997,88.32,87.43,88.190002,84.152145,563300
462,2019-10-15,88.519997,88.989998,88.339996,88.519997,84.467049,813900
463,2019-10-16,88.190002,88.93,87.690002,88.809998,84.743767,868900
464,2019-10-17,89.120003,89.620003,88.599998,89.230003,85.144539,701400
465,2019-10-18,88.739998,89.739998,88.370003,89.550003,85.449905,1592900
466,2019-10-21,89.769997,90.360001,89.75,90.330002,86.194183,818500
467,2019-10-22,90.309998,90.800003,89.580002,89.68,85.573959,563200
468,2019-10-23,89.459999,90.290001,89.459999,90.150002,86.022415,801600
469,2019-10-24,90.410004,91.410004,90.150002,91.209999,87.033897,1255800
470,2019-10-25,91.339996,92.0,88.790001,89.449997,85.354477,1211500
471,2019-10-28,89.629997,90.0,88.919998,89.699997,85.59301,1078700
472,2019-10-29,89.699997,90.059998,89.120003,89.940002,85.822037,968900
473,2019-10-30,89.870003,91.309998,89.120003,91.269997,87.091141,772300
474,2019-10-31,91.150002,91.809998,90.519997,91.220001,87.043427,796300
475,2019-11-01,91.760002,91.760002,90.949997,91.519997,87.329681,813200
476,2019-11-04,92.010002,92.089996,90.199997,90.620003,86.470901,881600
477,2019-11-05,90.510002,90.830002,89.419998,89.980003,85.860214,812300
478,2019-11-06,89.980003,91.730003,89.790001,91.639999,87.444206,730600
479,2019-11-07,91.849998,91.889999,90.980003,91.050003,86.881203,777900
480,2019-11-08,90.839996,91.440002,90.57,91.150002,86.976631,569200
481,2019-11-11,90.639999,91.699997,90.470001,91.489998,87.301079,453000
482,2019-11-12,91.639999,91.830002,91.150002,91.489998,87.301079,735400
483,2019-11-13,91.160004,92.269997,91.040001,92.120003,87.902222,577200
484,2019-11-14,91.970001,92.379997,91.669998,92.300003,88.073975,706300
485,2019-11-15,92.5,92.5,91.650002,91.940002,87.730476,803200
486,2019-11-18,91.550003,92.199997,91.400002,91.779999,87.577797,571200
487,2019-11-19,92.099998,92.529999,91.839996,92.43,88.198044,743100
488,2019-11-20,92.160004,93.139999,92.160004,93.099998,88.837349,693000
489,2019-11-21,93.029999,93.029999,91.779999,92.099998,87.883141,617000
490,2019-11-22,92.010002,92.300003,91.379997,91.739998,87.539619,715900
491,2019-11-25,91.440002,92.360001,91.440002,91.870003,87.663673,804300
492,2019-11-26,91.860001,92.620003,91.629997,92.529999,88.293442,1125900
493,2019-11-27,92.949997,93.410004,92.339996,93.300003,89.028198,707700
494,2019-11-29,93.290001,93.589996,93.019997,93.269997,88.999573,392500
495,2019-12-02,93.559998,93.559998,92.230003,92.230003,88.007187,734100
496,2019-12-03,91.650002,91.730003,90.830002,91.349998,87.167473,676600
497,2019-12-04,91.230003,92.720001,91.059998,92.580002,88.341156,1036600
498,2019-12-05,92.470001,93.029999,91.93,92.900002,89.060165,576900
499,2019-12-06,93.559998,94.230003,93.050003,93.75,89.875046,655700
500,2019-12-09,93.739998,94.309998,93.199997,94.150002,90.258492,898500
501,2019-12-10,94.040001,94.519997,93.769997,93.879997,89.999649,655500
502,2019-12-11,93.949997,94.470001,93.760002,94.440002,90.536514,514300
503,2019-12-12,94.660004,95.239998,94.279999,94.620003,90.709061,670000
504,2019-12-13,94.019997,94.760002,93.629997,94.449997,90.546097,605300
505,2019-12-16,94.879997,95.470001,94.199997,95.019997,91.092529,919900
506,2019-12-17,95.059998,95.760002,93.910004,95.669998,91.715668,937800
507,2019-12-18,95.669998,95.669998,94.169998,94.43,90.526932,743800
508,2019-12-19,94.809998,95.339996,94.089996,95.309998,91.370552,758900
509,2019-12-20,95.82,96.199997,95.379997,95.419998,91.475998,1685600
510,2019-12-23,95.769997,95.870003,94.089996,94.260002,90.363937,660500
511,2019-12-24,94.360001,94.639999,94.190002,94.559998,90.651543,299000
512,2019-12-26,94.620003,94.980003,94.199997,94.550003,90.641953,305000
513,2019-12-27,94.68,94.93,94.360001,94.75,90.833694,559100
514,2019-12-30,94.93,94.93,94.349998,94.900002,90.977509,409500
515,2019-12-31,94.910004,95.309998,94.809998,95.230003,91.293854,638100
516,2020-01-02,95.610001,95.860001,94.620003,95.510002,91.562286,724500
517,2020-01-03,94.5,95.519997,94.290001,95.309998,91.370552,678200
518,2020-01-06,95.050003,95.75,94.529999,95.75,91.792374,1024700
519,2020-01-07,95.559998,95.75,94.660004,94.720001,90.804932,627500
520,2020-01-08,94.75,95.779999,94.699997,94.849998,90.929581,795700
521,2020-01-09,95.300003,95.949997,95.150002,95.779999,91.821106,635500
522,2020-01-10,95.830002,96.18,95.330002,95.440002,91.495186,675200
523,2020-01-13,95.470001,95.75,95.029999,95.370003,91.42807,556900
524,2020-01-14,95.160004,95.510002,94.830002,95.089996,91.15963,673800
525,2020-01-15,94.970001,95.989998,94.769997,95.809998,91.849869,618400
526,2020-01-16,96.190002,96.43,95.760002,96.050003,92.079964,633300
527,2020-01-17,96.330002,96.699997,96.120003,96.449997,92.463425,629100
528,2020-01-21,96.169998,96.5,96.07,96.190002,92.21418,495700
529,2020-01-22,96.300003,96.690002,96.059998,96.269997,92.290863,568300
530,2020-01-23,95.839996,97.169998,95.260002,96.989998,92.981117,782800
531,2020-01-24,97.230003,97.300003,96.230003,96.860001,92.856476,479500
532,2020-01-27,95.800003,96.989998,95.779999,96.190002,92.21418,700400
533,2020-01-28,96.580002,98.93,96.25,98.370003,94.30407,822100
534,2020-01-29,98.760002,99.449997,98.43,98.82,94.735466,506400
535,2020-01-30,98.32,100.360001,97.480003,100.199997,96.058426,942300
536,2020-01-31,103.0,105.669998,102.269997,102.57,98.330467,1874400
537,2020-02-03,103.239998,104.660004,103.129997,104.260002,99.95063,1035700
538,2020-02-04,104.800003,105.400002,104.010002,104.699997,100.372429,915100
539,2020-02-05,105.360001,105.489998,104.510002,105.080002,100.736717,696200
540,2020-02-06,105.230003,105.610001,104.970001,105.120003,100.77507,773800
541,2020-02-07,105.120003,105.769997,104.800003,104.93,100.592918,578100
542,2020-02-10,104.730003,106.790001,104.650002,106.779999,102.366455,591500
543,2020-02-11,107.199997,107.940002,107.0,107.400002,102.960823,680400
544,2020-02-12,107.160004,107.75,106.550003,106.650002,102.241821,640700
545,2020-02-13,106.599998,108.25,106.440002,108.199997,103.727768,424500
546,2020-02-14,108.209999,109.190002,108.050003,109.160004,104.648087,606400
547,2020-02-18,109.120003,109.459999,108.129997,108.510002,104.024948,612400
548,2020-02-19,108.739998,109.139999,108.160004,108.779999,104.283798,565500
549,2020-02-20,108.510002,108.510002,106.639999,108.169998,103.699005,689400
550,2020-02-21,107.889999,108.199997,106.739998,107.830002,103.37307,800500
551,2020-02-24,106.809998,107.760002,105.82,106.209999,101.820023,799200
552,2020-02-25,106.589996,106.599998,103.629997,103.870003,99.576752,1006000
553,2020-02-26,104.389999,105.529999,103.400002,103.839996,99.547974,2081000
554,2020-02-27,102.699997,103.349998,99.029999,99.080002,94.984726,1357500
555,2020-02-28,96.919998,98.0,93.910004,97.489998,93.460434,2218700
556,2020-03-02,97.82,103.589996,97.82,103.510002,99.231621,1815500
557,2020-03-03,103.220001,104.360001,99.559998,100.690002,96.528175,1063300
558,2020-03-04,102.669998,106.300003,102.169998,106.209999,101.820023,1324200
559,2020-03-05,103.629997,104.160004,100.779999,102.110001,98.305992,1070200
560,2020-03-06,98.610001,101.260002,97.099998,100.839996,97.083298,860700
561,2020-03-09,94.040001,95.610001,90.629997,94.139999,90.632912,1554600
562,2020-03-10,96.809998,98.349998,93.029999,97.559998,93.925484,1762800
563,2020-03-11,95.0,96.610001,93.32,94.980003,91.44162,1474800
564,2020-03-12,88.879997,92.550003,79.779999,86.169998,82.959824,1636600
565,2020-03-13,90.43,91.019997,83.139999,90.059998,86.70491,1826200
566,2020-03-16,75.120003,85.730003,75.0,79.849998,76.875275,1607000
567,2020-03-17,82.709999,87.580002,79.75,85.459999,82.27626,1999100
568,2020-03-18,80.099998,81.43,65.089996,72.440002,69.741318,1722400
569,2020-03-19,71.669998,72.129997,67.400002,68.550003,65.996239,2039700
570,2020-03-20,68.730003,73.910004,66.900002,71.580002,68.913368,2402000
571,2020-03-23,71.57,71.989998,66.040001,68.239998,65.697792,1672400
572,2020-03-24,71.230003,78.07,70.370003,77.269997,74.39138,1364300
573,2020-03-25,76.150002,81.470001,75.290001,77.209999,74.333626,2309300
574,2020-03-26,78.279999,81.07,76.269997,80.779999,77.770638,1634300
575,2020-03-27,77.879997,83.099998,77.68,80.169998,77.18335,1122100
576,2020-03-30,81.349998,83.470001,78.589996,83.220001,80.11972,989200
577,2020-03-31,82.230003,83.480003,80.970001,81.510002,78.473427,1693100
578,2020-04-01,78.120003,79.650002,75.629997,77.0,74.131439,1603900
579,2020-04-02,76.18,79.059998,75.57,78.760002,75.825882,1651600
580,2020-04-03,77.599998,78.82,74.519997,76.260002,73.419006,2491400
581,2020-04-06,79.690002,83.0,77.459999,82.209999,79.147331,1483200
582,2020-04-07,84.809998,86.980003,81.830002,82.279999,79.214729,1753900
583,2020-04-08,83.029999,85.620003,81.760002,85.040001,81.871918,1187700
584,2020-04-09,85.900002,88.349998,85.370003,86.839996,83.604858,1374600
585,2020-04-13,85.480003,86.220001,82.75,83.57,80.456688,983200
586,2020-04-14,85.660004,88.300003,85.0,86.540001,83.31604,1552400
587,2020-04-15,84.5,86.480003,82.879997,83.650002,80.533707,1593700
588,2020-04-16,83.849998,84.239998,80.559998,80.790001,77.780258,1100000
589,2020-04-17,83.290001,84.059998,81.650002,83.599998,80.485565,1602500
590,2020-04-20,83.230003,83.419998,80.169998,80.779999,77.770638,1240300
591,2020-04-21,78.720001,79.93,77.029999,77.540001,74.651329,1211800
592,2020-04-22,78.919998,79.349998,76.779999,77.589996,74.699455,1187500
593,2020-04-23,77.75,78.019997,74.510002,74.82,72.032661,1045300
594,2020-04-24,75.32,75.849998,73.660004,75.279999,72.475525,1169500
595,2020-04-27,75.870003,77.760002,75.739998,77.379997,74.497284,1048800
596,2020-04-28,78.470001,79.599998,76.75,77.220001,74.343246,1386300
597,2020-04-29,78.889999,80.599998,77.480003,79.669998,76.701973,2055300
598,2020-04-30,78.379997,79.559998,77.940002,78.5,75.575569,2421300
599,2020-05-01,78.5,80.449997,76.260002,77.510002,74.622444,1848600
600,2020-05-04,77.029999,80.57,76.440002,80.139999,77.15448,1312100
601,2020-05-05,80.519997,83.639999,80.099998,83.129997,80.033073,1845100
602,2020-05-06,84.160004,84.360001,80.239998,80.449997,77.452904,1444300
603,2020-05-07,81.480003,85.940002,81.480003,85.379997,82.199272,1508900
604,2020-05-08,86.360001,86.489998,85.080002,86.400002,83.181252,1097900
605,2020-05-11,85.720001,87.980003,84.900002,86.860001,83.624123,804700
606,2020-05-12,87.019997,87.809998,86.410004,87.029999,83.787781,1322400
607,2020-05-13,86.150002,86.809998,83.769997,85.830002,82.632492,1577900
608,2020-05-14,84.800003,87.139999,84.050003,86.489998,83.267899,1406000
609,2020-05-15,85.559998,87.489998,85.059998,87.230003,83.980339,2523000
610,2020-05-18,90.059998,90.870003,89.489998,90.300003,86.935966,1140100
611,2020-05-19,89.790001,91.160004,89.790001,90.220001,86.85894,1019300
612,2020-05-20,90.910004,91.589996,90.010002,90.690002,87.311447,1008900
613,2020-05-21,90.139999,91.220001,89.669998,91.0,87.609879,938900
614,2020-05-22,90.959999,91.169998,89.900002,91.099998,87.706154,900200
615,2020-05-26,92.690002,93.440002,91.620003,92.379997,88.938484,1229800
616,2020-05-27,94.059998,94.5,92.849998,93.82,90.324829,1007100
617,2020-05-28,95.0,95.0,93.290001,94.0,90.498123,1131200
618,2020-05-29,93.620003,94.949997,93.07,94.279999,90.767693,1389600
619,2020-06-01,94.379997,95.019997,93.580002,94.459999,90.940987,946900
620,2020-06-02,94.620003,95.980003,94.25,95.5,91.942245,962500
621,2020-06-03,96.360001,98.099998,96.139999,97.949997,94.300987,792500
622,2020-06-04,96.559998,98.459999,95.769997,98.199997,94.978012,766300
623,2020-06-05,100.839996,101.540001,99.010002,100.449997,97.15419,1379400
624,2020-06-08,99.650002,101.900002,99.279999,101.900002,98.556618,1349400
625,2020-06-09,101.0,102.050003,99.510002,101.150002,97.831223,1229000
626,2020-06-10,100.82,102.25,100.389999,100.410004,97.115501,1168300
627,2020-06-11,98.559998,98.559998,94.099998,94.470001,91.370399,2108000
628,2020-06-12,97.160004,97.160004,93.860001,95.32,92.192513,1968600
629,2020-06-15,93.019997,96.080002,92.489998,95.129997,92.008736,2044000
630,2020-06-16,98.129997,98.129997,95.059998,95.650002,92.511681,1285600
631,2020-06-17,96.139999,99.360001,95.870003,98.349998,95.12307,1207800
632,2020-06-18,98.349998,100.580002,98.269997,99.169998,95.916176,890700
633,2020-06-19,100.910004,101.0,94.739998,94.739998,91.631523,2929200
634,2020-06-22,94.970001,97.169998,94.739998,96.739998,93.565903,1120900
635,2020-06-23,97.790001,98.379997,96.919998,97.519997,94.320313,771400
636,2020-06-24,96.309998,96.470001,94.169998,94.779999,91.670219,1011100
637,2020-06-25,94.75,97.489998,93.870003,97.279999,94.088196,871000
638,2020-06-26,96.650002,97.919998,95.959999,96.669998,93.498207,2072700
639,2020-06-29,97.5,97.5,94.970001,95.669998,92.531021,721100
640,2020-06-30,95.580002,98.080002,95.260002,97.489998,94.291306,633300
641,2020-07-01,97.870003,98.290001,96.910004,97.349998,94.155891,714700
642,2020-07-02,98.709999,98.919998,96.959999,97.339996,94.146225,684700
643,2020-07-06,99.0,99.0,96.550003,96.879997,93.701309,809200
644,2020-07-07,97.589996,98.839996,97.220001,97.669998,94.465393,684600
645,2020-07-08,98.0,98.620003,97.410004,98.370003,95.142433,727900
646,2020-07-09,98.550003,98.68,96.0,97.589996,94.388023,710600
647,2020-07-10,97.779999,99.239998,97.330002,99.139999,95.887154,593800
648,2020-07-13,99.699997,100.050003,97.839996,98.220001,94.997353,730500
649,2020-07-14,98.279999,101.169998,98.279999,101.07,97.753845,868500
650,2020-07-15,102.059998,102.150002,100.760002,101.489998,98.160057,768100
651,2020-07-16,101.230003,102.959999,100.639999,102.550003,99.18528,820400
652,2020-07-17,102.959999,104.050003,102.410004,103.550003,100.152466,857300
653,2020-07-20,103.139999,104.449997,103.139999,104.129997,100.71344,636000
654,2020-07-21,104.449997,105.220001,103.599998,104.040001,100.626389,800500
655,2020-07-22,104.059998,104.699997,103.25,104.449997,101.022949,672900
656,2020-07-23,104.660004,105.389999,103.589996,104.029999,100.616737,622100
657,2020-07-24,104.260002,104.470001,103.559998,103.93,100.520004,552800
658,2020-07-27,104.139999,104.139999,102.830002,103.529999,100.133141,665300
659,2020-07-28,103.809998,104.040001,102.589996,103.760002,100.355576,1018600
660,2020-07-29,103.57,104.919998,103.220001,104.800003,101.361465,1635300
661,2020-07-30,103.230003,105.150002,102.989998,104.57,101.139008,815000
662,2020-07-31,106.0,108.989998,105.459999,107.489998,103.963188,1009800
663,2020-08-03,106.510002,107.82,105.75,106.089996,102.609138,861700
664,2020-08-04,106.220001,106.510002,104.540001,105.440002,101.980461,931400
665,2020-08-05,105.550003,106.059998,105.019997,105.5,102.03849,936600
666,2020-08-06,105.360001,106.139999,104.919998,105.559998,102.096519,591800
667,2020-08-07,105.260002,106.910004,105.220001,106.809998,103.305504,654500
668,2020-08-10,106.779999,107.970001,106.129997,107.440002,103.914841,870200
669,2020-08-11,108.019997,108.669998,107.190002,107.370003,103.847137,740800
670,2020-08-12,108.25,109.339996,106.870003,106.959999,103.450584,664900
671,2020-08-13,106.540001,107.510002,106.360001,107.190002,103.67305,470500
672,2020-08-14,107.139999,108.029999,106.57,106.989998,103.479599,511900
673,2020-08-17,106.629997,107.800003,106.230003,106.650002,103.150764,909400
674,2020-08-18,106.489998,107.779999,106.419998,107.379997,103.856819,590400
675,2020-08-19,108.0,108.220001,106.440002,106.620003,103.12175,554700
676,2020-08-20,106.139999,107.050003,105.529999,106.370003,102.879944,498200
677,2020-08-21,103.169998,104.470001,102.730003,103.470001,100.075111,1267500
678,2020-08-24,103.709999,104.07,102.57,104.019997,100.607063,1143200
679,2020-08-25,104.720001,105.559998,103.889999,104.269997,100.848846,910300
680,2020-08-26,103.940002,104.800003,103.32,104.470001,101.042282,1382300
681,2020-08-27,104.900002,106.260002,104.68,106.0,102.522095,698900
682,2020-08-28,106.43,106.529999,104.389999,105.050003,101.603264,674700
683,2020-08-31,104.959999,105.830002,104.400002,105.300003,101.845055,1150300
684,2020-09-01,105.699997,105.730003,104.839996,105.690002,102.222244,748800
685,2020-09-02,105.690002,107.760002,105.349998,107.349998,103.827782,806900
686,2020-09-03,107.639999,108.029999,103.900002,104.580002,101.574471,612400
687,2020-09-04,105.510002,105.879997,102.470001,103.68,100.700325,731500
688,2020-09-08,103.220001,103.220001,100.32,101.080002,98.175056,826800
689,2020-09-09,101.769997,104.32,101.769997,103.230003,100.263268,657200
690,2020-09-10,103.309998,103.790001,101.620003,101.93,99.000618,1160400
691,2020-09-11,102.449997,102.769997,101.220001,101.790001,98.864639,548300
692,2020-09-14,102.389999,103.129997,102.199997,102.610001,99.661072,1010600
693,2020-09-15,102.690002,103.849998,102.610001,102.980003,100.020454,658300
694,2020-09-16,103.339996,104.379997,102.830002,103.040001,100.078728,873800
695,2020-09-17,102.480003,104.029999,102.0,103.709999,100.729462,1177100
696,2020-09-18,103.709999,105.690002,103.660004,104.209999,101.215096,1533000
697,2020-09-21,102.459999,104.139999,102.160004,104.110001,101.117966,1537700
698,2020-09-22,103.830002,105.5,102.959999,104.290001,101.292786,1236200
699,2020-09-23,104.099998,105.129997,101.970001,102.360001,99.418259,1709400
700,2020-09-24,102.419998,103.82,101.660004,102.449997,99.505669,656100
701,2020-09-25,102.080002,103.18,101.360001,102.970001,100.010735,623500
702,2020-09-28,103.959999,105.419998,103.260002,104.959999,101.943535,629300
703,2020-09-29,104.68,105.440002,104.349998,104.769997,101.759003,504300
704,2020-09-30,105.260002,106.459999,104.550003,105.580002,102.545723,1197900
705,2020-10-01,105.830002,106.459999,104.550003,105.610001,102.574867,745000
706,2020-10-02,104.529999,106.940002,103.949997,106.209999,103.157623,535600
707,2020-10-05,106.720001,107.650002,106.400002,107.059998,103.983185,558000
708,2020-10-06,107.730003,108.059998,105.389999,105.760002,102.720566,591300
709,2020-10-07,106.540001,107.220001,105.669998,106.419998,103.361588,531600
710,2020-10-08,106.660004,107.790001,106.370003,107.110001,104.031761,463100
711,2020-10-09,107.519997,108.839996,107.470001,108.550003,105.430374,448100
712,2020-10-12,108.550003,109.940002,108.400002,109.510002,106.362785,628000
713,2020-10-13,109.68,110.559998,107.919998,108.669998,105.546921,1033600
714,2020-10-14,108.980003,109.940002,107.809998,107.830002,104.731056,894500
715,2020-10-15,107.07,108.519997,106.660004,108.160004,105.051598,687100
716,2020-10-16,108.449997,109.709999,108.300003,108.769997,105.644051,575100
717,2020-10-19,109.050003,109.540001,106.860001,107.059998,103.983185,769300
718,2020-10-20,108.040001,109.0,107.290001,107.519997,104.42997,576700
719,2020-10-21,107.669998,108.870003,107.470001,107.620003,104.5271,518400
720,2020-10-22,107.379997,108.610001,106.790001,107.760002,104.663078,418800
721,2020-10-23,107.949997,108.32,107.389999,107.919998,104.818481,561500
722,2020-10-26,106.900002,107.029999,104.82,106.160004,103.109055,670900
723,2020-10-27,106.580002,107.370003,105.489998,105.57,102.536011,959400
724,2020-10-28,104.209999,105.290001,103.540001,104.309998,101.312218,1996300
725,2020-10-29,103.660004,104.540001,101.949997,103.0,100.039871,1484900
726,2020-10-30,102.440002,105.370003,102.029999,103.709999,100.729462,1528000
727,2020-11-02,105.150002,106.989998,104.110001,106.529999,103.468422,1092700
728,2020-11-03,107.93,109.0,106.730003,107.989998,104.886459,845900
729,2020-11-04,107.330002,113.650002,106.830002,111.75,108.538399,1209100
730,2020-11-05,112.57,113.110001,109.610001,109.769997,106.615303,877300
731,2020-11-06,110.440002,111.550003,109.75,110.510002,107.334045,736000
732,2020-11-09,116.309998,118.389999,109.889999,109.980003,106.819283,1797000
733,2020-11-10,110.32,114.459999,110.0,113.639999,110.374084,1135000
734,2020-11-11,114.089996,114.610001,113.290001,114.169998,110.888863,743600
735,2020-11-12,112.709999,113.599998,112.410004,113.150002,109.898163,569900
736,2020-11-13,113.339996,115.839996,113.32,115.709999,112.384583,605500
737,2020-11-16,116.599998,117.480003,115.730003,117.43,114.055168,704600
738,2020-11-17,116.730003,117.75,115.5,117.080002,113.715233,1040300
739,2020-11-18,117.330002,117.589996,114.980003,115.449997,112.132072,726800
740,2020-11-19,114.989998,116.32,114.25,116.040001,112.705116,648700
741,2020-11-20,116.260002,117.120003,115.220001,115.550003,112.229195,1937400
742,2020-11-23,116.019997,116.650002,114.419998,115.410004,112.093224,784400
743,2020-11-24,116.120003,117.339996,115.32,116.419998,113.074196,1141700
744,2020-11-25,116.120003,116.370003,113.889999,116.07,112.734245,1236600
745,2020-11-27,115.970001,116.5,114.57,115.860001,112.530289,342400
746,2020-11-30,115.559998,116.120003,115.029999,115.410004,112.093224,928700
747,2020-12-01,116.389999,116.75,115.82,116.709999,113.355865,672800
748,2020-12-02,116.620003,117.18,115.690002,116.43,113.083908,536100
749,2020-12-03,115.809998,116.269997,115.169998,115.769997,112.87915,702900
750,2020-12-04,115.610001,116.360001,115.349998,116.019997,113.12291,556700
751,2020-12-07,115.980003,117.0,115.540001,116.0,113.103416,762600
752,2020-12-08,114.959999,117.360001,114.830002,116.900002,113.980942,775000
753,2020-12-09,117.199997,117.720001,116.379997,117.480003,114.546448,850200
754,2020-12-10,117.269997,119.690002,116.849998,119.510002,116.525757,1170800
755,2020-12-11,119.0,121.269997,118.800003,119.940002,116.94503,995800
756,2020-12-14,120.669998,122.010002,119.879997,120.5,117.491035,1112100
757,2020-12-15,121.480003,123.910004,121.480003,123.629997,120.542885,928400
758,2020-12-16,124.440002,126.709999,124.309998,126.449997,123.292458,981400
759,2020-12-17,127.160004,129.119995,126.760002,128.190002,124.989029,1015100
760,2020-12-18,128.080002,128.5,124.82,125.32,122.190689,1484500
761,2020-12-21,124.699997,125.0,121.68,125.0,121.878662,847300
762,2020-12-22,124.82,124.82,123.57,123.809998,120.718391,729800
763,2020-12-23,124.129997,124.739998,123.0,123.040001,119.967628,480500
764,2020-12-24,123.019997,123.690002,122.650002,123.419998,120.33812,223000
765,2020-12-28,124.129997,124.400002,122.709999,123.029999,119.957855,368500
766,2020-12-29,123.419998,123.440002,121.269997,121.529999,118.495316,549500
767,2020-12-30,122.120003,122.660004,121.57,121.699997,118.661079,426600
768,2020-12-31,121.959999,123.900002,121.139999,123.709999,120.620888,487900
769,2021-01-04,123.639999,123.709999,119.120003,120.239998,117.237534,800700
770,2021-01-05,120.419998,120.870003,118.870003,119.440002,116.45752,602300
771,2021-01-06,119.849998,122.199997,119.150002,121.93,118.88533,864600
772,2021-01-07,122.57,123.629997,121.769997,122.330002,119.275337,742300
773,2021-01-08,117.900002,122.830002,117.900002,120.849998,117.832306,824200
774,2021-01-11,119.669998,120.57,118.029999,118.459999,115.501984,691800
775,2021-01-12,118.32,119.169998,117.830002,118.540001,115.579987,741600
776,2021-01-13,117.93,118.970001,116.550003,117.93,114.985214,957700
777,2021-01-14,118.019997,118.120003,115.940002,116.010002,113.113152,892100
778,2021-01-15,115.809998,116.519997,115.25,116.110001,113.210655,867200
779,2021-01-19,115.949997,117.910004,115.010002,117.400002,114.468452,899800
780,2021-01-20,117.529999,119.730003,117.160004,119.470001,116.486755,574700
781,2021-01-21,119.169998,120.150002,118.839996,119.089996,116.116257,679000
782,2021-01-22,118.839996,119.190002,117.489998,117.839996,114.897453,715300
783,2021-01-25,117.580002,119.290001,117.080002,118.290001,115.336235,697100
784,2021-01-26,118.230003,118.949997,117.07,117.410004,114.478203,887600
785,2021-01-27,116.129997,116.790001,112.919998,113.110001,110.285568,1746100
786,2021-01-28,115.160004,116.68,114.050003,115.510002,112.625648,1156300
787,2021-01-29,114.860001,118.029999,113.300003,115.410004,112.528145,1314600
788,2021-02-01,114.370003,116.32,114.129997,115.190002,112.313637,841000
789,2021-02-02,116.18,118.459999,116.18,117.68,114.741463,702700
790,2021-02-03,117.449997,118.169998,115.720001,116.230003,113.327667,639400
791,2021-02-04,116.419998,117.330002,115.519997,116.360001,113.454414,858600
792,2021-02-05,117.480003,119.57,117.0,118.400002,115.443489,800500
793,2021-02-08,118.650002,119.110001,116.860001,117.68,114.741463,980200
794,2021-02-09,117.620003,118.0,116.699997,116.910004,113.990685,698500
795,2021-02-10,117.849998,118.290001,116.690002,117.169998,114.244194,795000
796,2021-02-11,117.050003,118.099998,115.699997,116.330002,113.425163,758900
797,2021-02-12,115.970001,116.839996,115.970001,116.68,113.766434,675800
798,2021-02-16,117.0,118.309998,116.720001,117.669998,114.73172,825400
799,2021-02-17,116.910004,118.099998,116.910004,117.660004,114.721954,673700
800,2021-02-18,117.540001,118.669998,116.779999,118.620003,115.657997,918000
801,2021-02-19,119.120003,120.830002,118.860001,120.18,117.179039,882100
802,2021-02-22,119.389999,121.120003,118.839996,120.900002,117.881058,876600
803,2021-02-23,121.589996,123.93,120.099998,123.129997,120.055359,884400
804,2021-02-24,122.839996,125.379997,122.839996,123.790001,120.698883,1177900
805,2021-02-25,123.93,123.980003,121.419998,121.419998,118.388062,750300
806,2021-02-26,121.75,122.040001,119.75,119.800003,116.808517,904000
807,2021-03-01,120.209999,123.129997,120.209999,122.300003,119.246094,601300
808,2021-03-02,122.110001,122.449997,120.25,121.699997,118.661079,798300
809,2021-03-03,121.400002,123.989998,121.400002,122.0,118.953583,1113400
810,2021-03-04,121.379997,122.339996,119.919998,120.559998,118.013855,1632600
811,2021-03-05,121.5,124.330002,120.510002,124.110001,121.488884,1289000
812,2021-03-08,124.639999,127.589996,124.129997,125.330002,122.683128,1034500
813,2021-03-09,124.480003,126.360001,124.379997,124.739998,122.105591,790300
814,2021-03-10,124.959999,125.889999,124.269997,125.25,122.604805,609800
815,2021-03-11,124.629997,125.169998,123.690002,124.440002,121.811935,589900
816,2021-03-12,125.25,126.25,124.860001,126.150002,123.485809,472500
817,2021-03-15,126.099998,127.330002,125.730003,127.209999,124.523415,708500
818,2021-03-16,126.900002,128.509995,126.43,127.900002,125.198845,819200
819,2021-03-17,128.169998,128.990005,127.18,128.429993,125.717651,1323200
820,2021-03-18,129.0,129.0,126.25,126.580002,123.906715,1454400
821,2021-03-19,126.239998,126.830002,121.199997,121.440002,118.875282,3122400
822,2021-03-22,120.040001,122.349998,120.040001,122.050003,119.472404,1148200
823,2021-03-23,122.260002,123.040001,121.699997,122.550003,119.961838,878400
824,2021-03-24,122.449997,125.330002,122.43,124.220001,121.596565,900600
825,2021-03-25,124.919998,125.410004,123.050003,124.959999,122.320946,794100
826,2021-03-26,125.019997,125.779999,123.830002,125.699997,123.045311,507800
827,2021-03-29,125.0,126.940002,124.720001,126.839996,124.16124,536500
828,2021-03-30,126.360001,126.849998,125.279999,125.629997,122.976784,510500
829,2021-03-31,125.510002,126.080002,124.620003,124.769997,122.134949,974600
830,2021-04-01,124.910004,126.68,124.209999,126.610001,123.936096,844300
831,2021-04-05,127.0,128.330002,126.900002,128.300003,125.590408,457000
832,2021-04-06,128.779999,130.119995,128.240005,130.009995,127.264282,931100
833,2021-04-07,129.630005,130.369995,128.690002,129.830002,127.088074,1046000
834,2021-04-08,129.899994,132.380005,129.710007,132.369995,129.574448,882400
835,2021-04-09,133.119995,133.660004,132.5,132.550003,129.750641,766200
836,2021-04-12,132.339996,132.759995,131.429993,132.350006,129.554901,557800
837,2021-04-13,132.309998,134.690002,131.470001,133.949997,131.121048,552500
838,2021-04-14,133.759995,134.630005,132.479996,132.979996,130.17157,575800
839,2021-04-15,133.440002,135.139999,133.440002,135.059998,132.207626,650100
840,2021-04-16,135.860001,137.440002,134.800003,136.800003,133.910889,776000
841,2021-04-19,136.270004,136.610001,134.839996,136.259995,133.382294,625500
842,2021-04-20,136.470001,137.339996,135.919998,136.259995,133.382294,579300
843,2021-04-21,136.570007,137.289993,135.830002,137.169998,134.273087,438000
844,2021-04-22,137.0,137.160004,135.660004,136.25,133.372513,407600
845,2021-04-23,136.5,138.300003,136.270004,137.940002,135.026825,564400
846,2021-04-26,138.210007,138.210007,135.690002,135.830002,132.96138,740500
847,2021-04-27,136.229996,138.720001,135.970001,138.589996,135.663071,802600
848,2021-04-28,138.589996,140.309998,138.419998,140.059998,137.102036,907600
849,2021-04-29,140.490005,141.559998,140.100006,140.75,137.777496,690800
850,2021-04-30,141.800003,145.600006,140.690002,144.949997,141.888779,1040800
851,2021-05-03,144.440002,145.649994,142.830002,145.059998,141.996445,840100
852,2021-05-04,144.509995,145.669998,143.929993,145.5,142.427124,863100
853,2021-05-05,145.410004,147.559998,144.669998,147.460007,144.345749,622200
854,2021-05-06,148.0,149.399994,147.600006,148.839996,145.696609,1095300
855,2021-05-07,148.25,151.369995,148.089996,151.160004,147.967636,644800
856,2021-05-10,152.460007,154.029999,150.729996,150.789993,147.605438,806300
857,2021-05-11,150.720001,150.770004,147.740005,148.460007,145.324646,756300
858,2021-05-12,148.0,148.679993,143.75,143.860001,140.821793,2069600
859,2021-05-13,143.369995,146.649994,143.0,145.860001,142.779541,5178900
860,2021-05-14,146.75,148.580002,146.369995,147.300003,144.189148,4210100
861,2021-05-17,145.809998,147.559998,145.649994,146.5,143.406021,1498000
862,2021-05-18,147.110001,147.710007,145.880005,147.059998,143.954208,1393800
863,2021-05-19,146.259995,146.479996,143.949997,145.389999,142.319443,1476000
864,2021-05-20,146.020004,147.169998,145.259995,146.639999,143.54306,1037300
865,2021-05-21,146.539993,147.190002,144.070007,144.899994,141.839813,1108700
866,2021-05-24,145.710007,146.309998,145.0,145.089996,142.025818,1039500
867,2021-05-25,145.399994,145.690002,144.369995,144.399994,141.350388,1338300
868,2021-05-26,144.690002,145.960007,143.919998,145.149994,142.084534,1707100
869,2021-05-27,145.740005,146.639999,144.479996,146.350006,143.259216,1663800
870,2021-05-28,147.0,147.190002,146.050003,146.610001,143.513718,915900
871,2021-06-01,147.570007,148.210007,145.899994,146.529999,143.435394,1203400
872,2021-06-02,146.550003,147.389999,145.520004,146.649994,143.552856,909300
873,2021-06-03,145.979996,146.929993,144.410004,144.580002,141.991333,1828700
874,2021-06-04,145.25,145.649994,143.869995,144.869995,142.276138,1223100
875,2021-06-07,144.929993,145.210007,143.369995,143.539993,140.96994,1461800
876,2021-06-08,143.360001,144.410004,143.119995,144.0,141.421707,1762300
877,2021-06-09,144.0,144.75,143.75,144.389999,141.804718,572700
878,2021-06-10,145.179993,145.710007,144.289993,144.330002,141.745804,606500
879,2021-06-11,144.479996,145.160004,143.970001,144.610001,142.020782,1022200
880,2021-06-14,144.160004,144.479996,143.550003,144.460007,141.873489,845300
881,2021-06-15,144.580002,145.389999,143.649994,144.539993,141.952026,923100
882,2021-06-16,144.949997,145.899994,141.630005,141.800003,139.261108,2489800
883,2021-06-17,141.869995,142.360001,137.710007,139.399994,136.904068,2348500
884,2021-06-18,139.360001,139.419998,137.25,137.559998,135.097031,2316100
885,2021-06-21,138.240005,139.660004,137.779999,139.660004,137.159424,1388300
886,2021-06-22,139.820007,141.240005,139.440002,140.210007,137.699585,1222100
887,2021-06-23,140.100006,141.0,139.470001,140.429993,137.915604,1208600
888,2021-06-24,140.830002,140.839996,139.429993,140.339996,137.82724,744600
889,2021-06-25,140.330002,141.960007,140.220001,141.899994,139.359299,607100
890,2021-06-28,141.960007,141.960007,140.350006,140.679993,138.161163,763800
891,2021-06-29,141.070007,141.850006,140.759995,141.199997,138.67186,688400
892,2021-06-30,141.089996,141.429993,139.25,140.080002,137.571915,915300
893,2021-07-01,140.440002,141.039993,139.960007,140.419998,137.905823,990400
894,2021-07-02,140.619995,140.619995,139.720001,140.300003,137.787964,939700
895,2021-07-06,141.020004,141.029999,139.979996,140.960007,138.436142,998800
896,2021-07-07,140.600006,142.020004,140.600006,141.839996,139.3004,664900
897,2021-07-08,140.75,140.919998,138.490005,138.820007,136.334457,987300
898,2021-07-09,140.139999,140.520004,139.600006,140.5,137.98439,991700
899,2021-07-12,140.320007,141.75,140.270004,140.979996,138.455795,789300
900,2021-07-13,140.929993,140.929993,138.929993,139.139999,136.648712,485400
901,2021-07-14,139.029999,139.610001,138.389999,138.899994,136.413025,695800
902,2021-07-15,138.0,140.830002,138.0,140.139999,137.630829,597100
903,2021-07-16,140.330002,140.820007,139.669998,139.919998,137.414749,494500
904,2021-07-19,138.699997,138.830002,135.5,136.639999,134.193466,900000
905,2021-07-20,137.179993,139.820007,136.690002,139.270004,136.776413,1080700
906,2021-07-21,139.899994,146.979996,139.289993,140.850006,138.32811,1420700
907,2021-07-22,140.949997,142.529999,140.949997,142.110001,139.565552,938100
908,2021-07-23,142.160004,143.309998,142.119995,143.050003,140.488724,539500
909,2021-07-26,139.0,141.369995,138.610001,140.220001,137.709381,1746900
910,2021-07-27,139.110001,141.149994,138.630005,140.330002,137.817413,1497500
911,2021-07-28,139.990005,139.990005,137.210007,137.509995,135.047897,1170000
912,2021-07-29,138.660004,139.970001,137.960007,139.509995,137.012085,1147500
913,2021-07-30,139.839996,141.970001,139.139999,139.309998,136.815659,1434600
914,2021-08-02,139.830002,141.160004,138.929993,139.179993,136.688004,996300
915,2021-08-03,139.690002,140.240005,138.25,138.550003,136.069305,1044800
916,2021-08-04,138.190002,139.029999,136.919998,136.949997,134.49794,767900
917,2021-08-05,137.860001,138.710007,137.259995,138.619995,136.138016,757200
918,2021-08-06,139.470001,139.770004,138.369995,139.059998,136.57016,870700
919,2021-08-09,139.25,140.350006,138.539993,140.309998,137.797775,1054800
920,2021-08-10,140.600006,141.039993,140.160004,140.880005,138.357574,873200
921,2021-08-11,141.429993,143.460007,141.429993,142.279999,139.732498,1117100
922,2021-08-12,142.699997,142.779999,140.839996,141.520004,138.98613,927600
923,2021-08-13,142.190002,142.479996,140.289993,140.300003,137.787964,1627800
924,2021-08-16,140.300003,143.229996,139.759995,142.929993,140.37085,1583200
925,2021-08-17,142.039993,142.789993,141.020004,141.699997,139.162903,821800
926,2021-08-18,141.179993,142.5,140.710007,141.130005,138.603104,1183800
927,2021-08-19,140.410004,142.419998,140.410004,142.0,139.45752,1351000
928,2021-08-20,142.350006,143.929993,141.720001,143.0,140.439606,1086100
929,2021-08-23,143.369995,144.509995,143.050003,143.100006,140.537827,947600
930,2021-08-24,143.320007,144.009995,142.679993,143.399994,140.832443,909300
931,2021-08-25,143.270004,143.399994,142.199997,142.910004,140.351242,666600
932,2021-08-26,142.770004,143.119995,142.160004,142.740005,140.184265,640700
933,2021-08-27,143.009995,143.869995,142.740005,143.759995,141.18602,874700
934,2021-08-30,144.070007,144.720001,143.330002,143.449997,140.881577,586700
935,2021-08-31,143.449997,144.479996,142.899994,143.619995,141.048508,1375600
936,2021-09-01,143.800003,144.970001,142.889999,144.440002,141.853806,1068100
937,2021-09-02,144.690002,145.830002,144.619995,145.820007,143.686615,1037800
938,2021-09-03,145.479996,146.5,144.869995,145.490005,143.361465,1114600
939,2021-09-07,145.389999,145.539993,143.649994,143.690002,141.587784,725100
940,2021-09-08,143.600006,144.779999,143.550003,144.5,142.385925,1442700
941,2021-09-09,144.919998,146.770004,144.809998,145.389999,143.262909,836800
942,2021-09-10,145.919998,145.990005,144.020004,144.080002,141.972092,1301500
943,2021-09-13,145.130005,145.5,142.529999,144.429993,142.31694,1132500
944,2021-09-14,144.679993,145.279999,142.630005,145.0,142.878616,1457200
945,2021-09-15,145.779999,150.550003,144.520004,150.190002,147.992676,1831500
946,2021-09-16,150.070007,150.580002,148.830002,149.800003,147.608383,909100
947,2021-09-17,150.369995,151.570007,147.960007,148.389999,146.219025,2601600
948,2021-09-20,146.399994,147.259995,144.779999,146.089996,143.952682,1236400
949,2021-09-21,146.919998,149.220001,146.429993,148.5,146.327408,1034300
950,2021-09-22,150.0,152.399994,148.850006,151.389999,149.17514,1335600
951,2021-09-23,151.649994,153.279999,151.649994,152.259995,150.03241,749500
952,2021-09-24,152.279999,154.360001,152.009995,154.039993,151.786362,959700
953,2021-09-27,154.130005,154.199997,151.720001,152.399994,150.170364,675700
954,2021-09-28,151.869995,152.240005,149.199997,149.800003,147.608383,809400
955,2021-09-29,150.630005,151.919998,150.009995,150.889999,148.682465,518500
956,2021-09-30,151.679993,152.330002,148.589996,148.649994,146.47522,1024100
957,2021-10-01,149.320007,153.720001,148.639999,152.440002,150.209763,680800
958,2021-10-04,152.720001,153.75,149.039993,149.240005,147.05661,1153300
959,2021-10-05,149.899994,152.639999,149.139999,151.850006,149.628403,932000
960,2021-10-06,150.470001,153.050003,149.880005,152.830002,150.59407,784600
961,2021-10-07,153.600006,154.919998,153.179993,153.429993,151.185287,1007200
962,2021-10-08,153.800003,156.089996,153.509995,155.660004,153.382675,1350300
963,2021-10-11,155.960007,158.220001,155.520004,156.919998,154.624222,1087600
964,2021-10-12,156.800003,158.929993,156.649994,157.199997,154.900131,921700
965,2021-10-13,157.179993,158.75,155.429993,158.520004,156.200821,913200
966,2021-10-14,159.830002,162.039993,159.610001,161.669998,159.304733,920600
967,2021-10-15,162.399994,164.080002,161.779999,162.880005,160.49704,846700
968,2021-10-18,161.910004,162.529999,160.300003,160.610001,158.260239,770300
969,2021-10-19,161.860001,162.600006,160.970001,161.970001,159.600357,750300
970,2021-10-20,161.800003,162.929993,161.779999,162.490005,160.112762,621200
971,2021-10-21,162.919998,163.880005,161.679993,163.460007,161.068558,959100
972,2021-10-22,163.889999,165.75,163.529999,165.169998,162.753525,509000
973,2021-10-25,165.690002,165.990005,164.050003,164.25,161.846985,632800
974,2021-10-26,164.449997,165.130005,162.940002,164.190002,161.787872,797900
975,2021-10-27,164.350006,165.5,161.899994,162.199997,159.826965,1235500
976,2021-10-28,162.600006,164.179993,162.070007,164.119995,161.718887,908200
977,2021-10-29,164.369995,168.320007,163.050003,167.669998,165.216965,1142500
978,2021-11-01,167.789993,168.5,162.070007,162.479996,160.102905,757000
979,2021-11-02,162.779999,164.360001,162.300003,163.050003,160.664536,987800
980,2021-11-03,162.380005,162.429993,159.5,161.309998,158.949982,877500
981,2021-11-04,161.389999,161.449997,159.880005,160.779999,158.42775,927600
982,2021-11-05,161.860001,162.050003,158.610001,160.259995,157.915344,1115800
983,2021-11-08,161.229996,161.350006,158.820007,160.910004,158.555847,910900
984,2021-11-09,160.899994,162.199997,160.190002,161.559998,159.196335,608000
985,2021-11-10,161.710007,162.699997,160.589996,161.190002,158.831757,429100
986,2021-11-11,161.039993,162.770004,160.210007,162.699997,160.319672,513900
987,2021-11-12,163.039993,165.880005,163.0,165.729996,163.305328,875200
988,2021-11-15,166.410004,166.679993,164.690002,165.380005,162.960464,732000
989,2021-11-16,165.509995,167.589996,165.509995,166.770004,164.330109,937500
990,2021-11-17,166.5,166.710007,163.75,164.910004,162.497345,1008700
991,2021-11-18,165.050003,165.050003,162.440002,162.809998,160.428055,592600
992,2021-11-19,163.440002,165.149994,162.419998,163.410004,161.019257,1227800
993,2021-11-22,163.630005,166.720001,161.740005,164.800003,162.388962,935000
994,2021-11-23,165.490005,165.809998,162.979996,164.779999,162.369232,1029800
995,2021-11-24,164.529999,167.149994,164.0,166.419998,163.985229,744100
996,2021-11-26,162.399994,164.009995,160.020004,163.139999,160.75322,729900
997,2021-11-29,164.919998,165.529999,162.899994,164.809998,162.398804,1064600
998,2021-11-30,163.679993,165.779999,161.960007,162.899994,160.516739,1810800
999,2021-12-01,165.279999,167.479996,162.210007,162.330002,159.955093,938200
1000,2021-12-02,162.919998,167.199997,161.860001,166.520004,164.570404,989300
1001,2021-12-03,167.100006,167.580002,163.630005,165.479996,163.542572,723600
1002,2021-12-06,166.720001,169.389999,166.259995,167.449997,165.489517,1064300
1003,2021-12-07,168.75,171.179993,168.309998,169.679993,167.69339,901800
1004,2021-12-08,170.119995,170.75,167.669998,169.240005,167.25856,838400
1005,2021-12-09,168.729996,169.350006,167.5,167.679993,165.716812,715200
1006,2021-12-10,168.850006,169.720001,167.669998,169.600006,167.614349,906900
1007,2021-12-13,169.440002,170.0,167.789993,168.809998,166.833588,957100
1008,2021-12-14,168.539993,168.539993,162.75,166.619995,164.669235,1314600
1009,2021-12-15,166.429993,167.889999,163.380005,167.610001,165.647629,1311900
1010,2021-12-16,167.5,168.610001,164.990005,166.050003,164.105911,1195200
1011,2021-12-17,165.660004,166.279999,163.529999,164.399994,162.47522,1801900
1012,2021-12-20,162.910004,164.660004,161.130005,164.259995,162.336853,1139200
1013,2021-12-21,165.160004,165.770004,162.059998,163.970001,162.050247,1100100
1014,2021-12-22,163.800003,165.490005,163.210007,165.220001,163.285629,937800
1015,2021-12-23,166.0,167.559998,165.639999,166.449997,164.501221,510900
1016,2021-12-27,167.020004,170.679993,166.839996,170.440002,168.444504,483100
1017,2021-12-28,170.429993,171.210007,169.070007,169.320007,167.337616,443200
1018,2021-12-29,169.729996,170.630005,169.130005,169.809998,167.821884,350500
1019,2021-12-30,170.479996,171.210007,168.589996,168.759995,166.784164,327200
1020,2021-12-31,168.710007,170.660004,168.289993,169.669998,167.683517,336200
1021,2022-01-03,169.289993,169.990005,165.589996,166.710007,164.758179,701600
1022,2022-01-04,167.0,168.210007,165.710007,167.429993,165.469742,925100
1023,2022-01-05,168.0,168.970001,164.089996,164.289993,162.366516,900500
1024,2022-01-06,164.850006,166.490005,163.529999,166.080002,164.135544,723700
1025,2022-01-07,166.380005,166.690002,163.740005,165.360001,163.423965,975300
1026,2022-01-10,165.050003,165.210007,160.320007,162.429993,160.528275,1022800
1027,2022-01-11,163.020004,163.839996,159.600006,163.75,161.832825,871600
1028,2022-01-12,164.020004,166.289993,163.949997,165.729996,163.789642,693500
1029,2022-01-13,166.029999,166.309998,161.779999,162.449997,160.54805,859100
1030,2022-01-14,161.429993,161.429993,155.490005,157.699997,155.853668,1201900
1031,2022-01-18,156.380005,157.300003,153.520004,155.580002,153.758484,844100
1032,2022-01-19,156.720001,157.440002,154.529999,154.589996,152.780075,967500
1033,2022-01-20,155.729996,157.919998,155.309998,155.669998,153.847427,1191300
1034,2022-01-21,155.630005,156.570007,153.970001,154.169998,152.36499,1090900
1035,2022-01-24,153.529999,156.559998,150.660004,156.289993,154.460159,1687500
1036,2022-01-25,154.649994,155.350006,152.229996,153.199997,151.406342,2143200
1037,2022-01-26,154.809998,155.979996,152.029999,153.179993,151.386581,1443800
1038,2022-01-27,154.350006,155.179993,147.320007,149.330002,147.581665,1638200
1039,2022-01-28,149.820007,154.990005,147.729996,154.539993,152.730652,1567100
1040,2022-01-31,153.600006,158.25,153.580002,157.940002,156.090851,1556300
1041,2022-02-01,157.869995,158.809998,154.179993,156.850006,155.013626,788000
1042,2022-02-02,156.679993,157.850006,156.270004,157.089996,155.250809,1215100
1043,2022-02-03,156.539993,157.699997,154.039993,154.449997,152.641724,871200
1044,2022-02-04,153.740005,157.860001,153.740005,156.279999,154.450302,603400
1045,2022-02-07,156.190002,158.139999,155.570007,156.360001,154.529343,683400
1046,2022-02-08,156.020004,157.419998,153.669998,157.070007,155.231049,1309800
1047,2022-02-09,158.710007,161.460007,158.399994,160.5,158.62088,1029500
1048,2022-02-10,158.0,161.460007,157.5,158.809998,156.950668,1280500
1049,2022-02-11,159.070007,159.960007,154.770004,155.649994,153.827667,1002300
1050,2022-02-14,155.529999,155.960007,151.740005,153.350006,151.554596,1209300
1051,2022-02-15,155.0,156.589996,153.839996,155.389999,153.570694,720600
1052,2022-02-16,154.869995,156.720001,154.009995,156.210007,154.381104,548400
1053,2022-02-17,155.440002,155.699997,153.029999,153.5,151.702835,579900
1054,2022-02-18,153.449997,155.139999,153.070007,154.279999,152.473694,745000
1055,2022-02-22,154.529999,155.559998,152.229996,153.729996,151.930145,986400
1056,2022-02-23,153.990005,155.800003,151.479996,151.679993,149.904144,1120700
1057,2022-02-24,149.050003,154.869995,148.029999,154.419998,152.612061,897200
1058,2022-02-25,154.869995,159.600006,154.610001,159.300003,157.434937,1208800
1059,2022-02-28,156.520004,159.100006,155.880005,158.190002,156.337936,970000
1060,2022-03-01,157.710007,157.979996,155.520004,156.100006,154.2724,1067400
1061,2022-03-02,157.800003,159.539993,156.440002,158.779999,156.921021,828500
1062,2022-03-03,159.350006,159.919998,156.759995,158.410004,157.059814,702300
1063,2022-03-04,157.539993,160.009995,155.710007,159.869995,158.50737,853500
1064,2022-03-07,158.860001,159.710007,153.679993,154.550003,153.232727,1194700
1065,2022-03-08,154.479996,155.320007,148.520004,150.130005,148.850403,1229900
1066,2022-03-09,153.160004,159.369995,153.160004,155.940002,154.610886,1720100
1067,2022-03-10,153.330002,156.380005,153.240005,155.039993,153.718536,1431800
1068,2022-03-11,155.630005,156.720001,153.610001,153.619995,152.310654,624500
1069,2022-03-14,155.160004,156.529999,153.630005,154.740005,153.421097,911300
1070,2022-03-15,155.139999,159.009995,153.009995,158.559998,157.208542,1034100
1071,2022-03-16,158.779999,163.460007,158.0,162.669998,161.283508,997400
1072,2022-03-17,162.520004,165.160004,162.229996,165.139999,163.732468,964000
1073,2022-03-18,166.009995,167.789993,164.240005,167.369995,165.943436,1435700
1074,2022-03-21,167.320007,168.259995,165.869995,166.619995,165.199844,739600
1075,2022-03-22,166.770004,168.029999,165.619995,167.600006,166.171509,898400
1076,2022-03-23,166.949997,167.600006,163.619995,164.070007,162.671585,1191700
1077,2022-03-24,164.470001,167.270004,164.220001,166.270004,164.852844,551200
1078,2022-03-25,166.350006,168.419998,165.610001,168.059998,166.627579,472900
1079,2022-03-28,168.289993,170.380005,167.369995,170.330002,168.878235,614400
1080,2022-03-29,172.020004,173.110001,171.490005,172.759995,171.287506,709700
1081,2022-03-30,172.779999,173.940002,172.149994,173.800003,172.318665,701300
1082,2022-03-31,174.050003,177.119995,173.820007,174.600006,173.111832,1178400
1083,2022-04-01,175.229996,177.25,174.649994,176.399994,174.896484,799800
1084,2022-04-04,176.179993,176.190002,172.669998,173.919998,172.437637,715800
1085,2022-04-05,173.850006,177.389999,173.850006,174.869995,173.379532,871700
1086,2022-04-06,174.470001,179.119995,174.169998,179.050003,177.523911,1055900
1087,2022-04-07,178.910004,181.649994,177.919998,181.449997,179.903442,1016800
1088,2022-04-08,181.5,183.850006,180.5,183.190002,181.628616,1224400
1089,2022-04-11,183.0,183.880005,181.059998,183.220001,181.658356,1183800
1090,2022-04-12,183.550003,184.919998,179.869995,180.25,178.713669,1080600
1091,2022-04-13,179.759995,181.429993,178.740005,181.009995,179.467194,798500
1092,2022-04-14,181.429993,182.490005,180.520004,180.610001,179.070602,663400
1093,2022-04-18,180.169998,181.529999,178.910004,180.179993,178.644257,686800
1094,2022-04-19,180.509995,180.919998,176.839996,179.5,177.970062,1423300
1095,2022-04-20,180.550003,184.419998,180.550003,183.899994,182.33255,1184400
1096,2022-04-21,185.0,187.020004,183.410004,184.149994,182.580414,896200
1097,2022-04-22,182.610001,183.600006,177.919998,178.029999,176.512589,971600
1098,2022-04-25,177.399994,179.300003,174.050003,178.889999,177.365265,1245500
1099,2022-04-26,178.080002,178.270004,173.490005,173.520004,172.041046,673000
1100,2022-04-27,173.470001,176.729996,173.279999,175.399994,173.904999,898900
1101,2022-04-28,176.600006,179.449997,174.75,179.330002,177.801514,964100
1102,2022-04-29,176.320007,176.320007,168.130005,168.490005,167.053909,1906800
1103,2022-05-02,171.699997,172.820007,162.699997,165.850006,164.436417,1482500
1104,2022-05-03,166.919998,169.929993,165.119995,165.509995,164.099304,953900
1105,2022-05-04,165.050003,170.619995,163.600006,170.369995,168.917877,739100
1106,2022-05-05,168.720001,169.529999,163.279999,164.990005,163.58374,819800
1107,2022-05-06,163.800003,165.619995,161.779999,164.479996,163.078079,944500
1108,2022-05-09,162.970001,162.970001,159.529999,160.190002,158.824661,1005200
1109,2022-05-10,162.360001,163.169998,157.710007,158.25,156.901199,1745700
1110,2022-05-11,157.860001,161.25,157.320007,157.779999,156.435196,911400
1111,2022-05-12,157.330002,159.449997,154.770004,157.479996,156.137741,809800
1112,2022-05-13,158.639999,162.679993,158.199997,162.020004,160.639053,947900
1113,2022-05-16,161.910004,162.550003,160.600006,161.139999,159.766556,634000
1114,2022-05-17,162.770004,164.660004,161.770004,164.169998,162.770721,1129800
1115,2022-05-18,162.919998,163.460007,156.360001,156.710007,155.374313,674800
1116,2022-05-19,155.320007,156.610001,152.979996,155.25,153.926758,760900
1117,2022-05-20,156.300003,156.520004,150.490005,155.0,153.678879,1042700
1118,2022-05-23,156.550003,158.919998,153.5,158.529999,157.178787,878700
1119,2022-05-24,157.660004,158.380005,154.899994,157.759995,156.415359,586800
1120,2022-05-25,157.639999,158.339996,155.779999,157.490005,156.147675,1017600
1121,2022-05-26,159.149994,162.0,158.690002,161.020004,159.647598,700600
1122,2022-05-27,161.729996,165.649994,161.729996,165.639999,164.228195,717100
1123,2022-05-31,164.929993,164.929993,161.580002,161.940002,160.559738,1471100
1124,2022-06-01,162.350006,162.929993,159.210007,160.509995,159.141922,939500
1125,2022-06-02,160.509995,164.5,158.029999,164.369995,163.48848,954400
1126,2022-06-03,162.509995,163.070007,161.600006,162.210007,161.340073,539900
1127,2022-06-06,163.729996,164.869995,161.779999,162.0,161.131195,776200
1128,2022-06-07,160.350006,163.809998,160.279999,163.559998,162.682816,683700
1129,2022-06-08,162.570007,163.429993,160.839996,161.179993,160.315582,467200
1130,2022-06-09,161.020004,161.410004,156.809998,156.960007,156.118225,754300
1131,2022-06-10,154.309998,154.610001,152.889999,153.0,152.179459,765300
1132,2022-06-13,149.660004,154.320007,149.5,151.580002,150.767075,915800
1133,2022-06-14,152.169998,153.990005,151.710007,153.229996,152.408218,791500
1134,2022-06-15,155.0,156.850006,150.339996,152.75,151.930801,895000
1135,2022-06-16,150.029999,150.919998,148.240005,149.050003,148.250641,1067100
1136,2022-06-17,149.259995,151.550003,148.360001,149.710007,148.907104,2006700
1137,2022-06-21,151.570007,155.919998,151.539993,155.210007,154.377609,1041200
1138,2022-06-22,153.559998,159.169998,153.410004,157.309998,156.466339,866400
1139,2022-06-23,158.300003,160.279999,157.179993,160.039993,159.181702,765700
1140,2022-06-24,161.130005,165.639999,161.130005,165.25,164.36377,1454800
1141,2022-06-27,165.429993,166.020004,163.139999,165.229996,164.343872,658000
1142,2022-06-28,166.009995,167.380005,162.550003,163.179993,162.304855,936900
1143,2022-06-29,163.649994,164.490005,162.899994,163.199997,162.324753,875100
1144,2022-06-30,161.970001,163.899994,161.160004,163.039993,162.165619,876800
1145,2022-07-01,163.100006,164.830002,162.130005,164.630005,163.747101,644400
1146,2022-07-05,162.910004,166.240005,161.910004,166.070007,165.179367,620500
1147,2022-07-06,166.509995,169.550003,166.050003,168.339996,167.437195,726800
1148,2022-07-07,168.649994,169.850006,166.789993,167.300003,166.402771,542400
1149,2022-07-08,167.429993,168.289993,166.160004,166.759995,165.865662,456100
1150,2022-07-11,166.050003,167.330002,165.449997,165.839996,164.950607,463400
1151,2022-07-12,165.580002,168.139999,164.020004,164.820007,163.936081,687300
1152,2022-07-13,162.759995,165.800003,162.300003,164.660004,163.776932,827100
1153,2022-07-14,161.570007,163.320007,160.600006,162.740005,161.867233,681300
1154,2022-07-15,165.380005,166.300003,164.720001,165.75,164.861084,689400
1155,2022-07-18,166.330002,166.720001,161.339996,161.880005,161.011841,489300
1156,2022-07-19,163.309998,166.809998,163.130005,166.520004,165.626953,678800
1157,2022-07-20,166.979996,167.169998,165.029999,166.570007,165.676697,487300
1158,2022-07-21,167.080002,170.139999,166.559998,169.600006,168.69043,698500
1159,2022-07-22,170.279999,170.720001,167.089996,168.229996,167.327774,525600
1160,2022-07-25,168.509995,170.160004,168.089996,169.710007,168.79985,556200
1161,2022-07-26,169.800003,170.570007,168.779999,169.990005,169.078354,900600
1162,2022-07-27,170.800003,173.690002,170.800003,173.309998,172.380539,1202000
1163,2022-07-28,173.679993,176.800003,171.160004,176.059998,175.115784,863600
1164,2022-07-29,184.880005,184.880005,174.860001,178.990005,178.030075,1146100
1165,2022-08-01,176.789993,177.910004,172.309998,172.520004,171.594772,1064700
1166,2022-08-02,172.070007,174.860001,171.75,172.339996,171.415726,835700
1167,2022-08-03,173.050003,177.910004,173.050003,177.240005,176.289474,770000
1168,2022-08-04,177.0,177.570007,176.190002,176.490005,175.543488,562600
1169,2022-08-05,175.350006,178.649994,175.259995,178.509995,177.552643,800000
1170,2022-08-08,179.279999,180.410004,178.970001,179.389999,178.427933,659600
1171,2022-08-09,179.990005,183.0,179.330002,182.75,181.769913,764900
1172,2022-08-10,184.679993,185.660004,183.220001,185.410004,184.415634,816900
1173,2022-08-11,186.369995,187.130005,184.190002,185.199997,184.206772,1129400
1174,2022-08-12,185.970001,189.559998,185.789993,189.399994,188.384247,532600
1175,2022-08-15,188.479996,190.860001,188.25,190.149994,189.130219,1213000
1176,2022-08-16,188.720001,190.990005,188.720001,190.660004,189.637497,703600
1177,2022-08-17,189.619995,191.419998,188.960007,190.850006,189.826477,542000
1178,2022-08-18,191.059998,191.970001,190.110001,191.520004,190.492889,880000
1179,2022-08-19,191.399994,191.5,189.940002,190.699997,189.677261,941400
1180,2022-08-22,188.809998,190.580002,188.550003,188.880005,187.867035,1028000
1181,2022-08-23,188.389999,189.059998,186.119995,186.350006,185.350616,877800
1182,2022-08-24,186.210007,188.229996,185.960007,187.960007,186.951965,788600
1183,2022-08-25,188.0,191.149994,187.839996,191.080002,190.055237,1004100
1184,2022-08-26,191.960007,192.0,187.660004,187.699997,186.693359,748700
1185,2022-08-29,186.160004,187.050003,184.460007,185.059998,184.06752,695300
1186,2022-08-30,185.25,185.25,182.289993,182.889999,181.909149,822400
1187,2022-08-31,184.25,184.770004,181.479996,181.570007,180.596252,1001200
1188,2022-09-01,180.320007,181.860001,179.259995,181.600006,181.134857,751600
1189,2022-09-02,182.889999,184.919998,179.520004,180.470001,180.007751,677600
1190,2022-09-06,180.809998,182.75,179.940002,180.899994,180.436646,1077200
1191,2022-09-07,181.070007,186.690002,180.570007,186.580002,186.102097,835500
1192,2022-09-08,185.949997,187.460007,185.059998,187.089996,186.610779,736400
1193,2022-09-09,187.100006,188.809998,186.669998,188.419998,187.937378,580700
1194,2022-09-12,188.410004,189.360001,186.75,187.630005,187.149414,1233800
1195,2022-09-13,184.5,185.339996,184.100006,184.809998,184.336624,1794200
1196,2022-09-14,185.089996,186.25,183.960007,185.100006,184.6259,1856200
1197,2022-09-15,185.410004,185.789993,183.75,184.520004,184.047379,1747600
1198,2022-09-16,184.960007,185.179993,178.070007,179.449997,178.990356,1915100
1199,2022-09-19,178.679993,181.539993,177.740005,181.389999,180.925385,647000
1200,2022-09-20,179.770004,180.410004,177.399994,179.169998,178.711075,842700
1201,2022-09-21,178.429993,181.229996,174.179993,174.320007,173.873505,1131900
1202,2022-09-22,174.929993,175.259995,171.029999,172.529999,172.088089,1014200
1203,2022-09-23,171.570007,173.639999,169.509995,171.830002,171.389877,980200
1204,2022-09-26,171.300003,172.110001,168.919998,169.460007,169.025955,681000
1205,2022-09-27,171.210007,172.199997,167.929993,169.729996,169.295258,683500
1206,2022-09-28,170.529999,171.820007,169.039993,170.800003,170.362518,945200
1207,2022-09-29,170.270004,171.410004,168.520004,171.139999,170.701645,842000
1208,2022-09-30,170.550003,173.009995,170.039993,171.220001,170.781433,1835300
1209,2022-10-03,173.0,177.059998,171.929993,176.580002,176.127716,1171200
1210,2022-10-04,178.100006,181.210007,178.009995,180.009995,179.54892,891600
1211,2022-10-05,179.139999,182.619995,178.559998,181.759995,181.294434,860300
1212,2022-10-06,181.440002,181.940002,178.850006,179.100006,178.641266,687700
1213,2022-10-07,178.160004,178.800003,173.800003,174.309998,173.863525,840600
1214,2022-10-10,175.520004,177.350006,175.419998,176.570007,176.117737,459500
1215,2022-10-11,176.300003,177.470001,174.440002,176.130005,175.678864,893500
1216,2022-10-12,176.509995,177.029999,174.770004,174.869995,174.422089,740800
1217,2022-10-13,172.309998,179.449997,170.990005,178.660004,178.202393,1418600
1218,2022-10-14,180.0,180.520004,170.119995,170.360001,169.923645,1488300
1219,2022-10-17,173.059998,176.5,173.059998,175.080002,174.631546,953500
1220,2022-10-18,178.990005,179.649994,175.149994,176.139999,175.688843,813700
1221,2022-10-19,175.600006,178.229996,174.529999,178.050003,177.593948,1118400
1222,2022-10-20,177.009995,177.009995,172.899994,173.820007,173.374786,1044000
1223,2022-10-21,173.259995,175.460007,169.009995,175.369995,174.920807,1286300
1224,2022-10-24,176.789993,180.050003,176.389999,179.149994,178.691116,770000
1225,2022-10-25,177.869995,177.869995,173.389999,175.419998,174.970673,985400
1226,2022-10-26,176.399994,177.820007,174.429993,175.910004,175.459427,815500
1227,2022-10-27,176.990005,178.490005,175.910004,177.529999,177.075272,1272900
1228,2022-10-28,185.0,188.710007,182.270004,188.580002,188.09697,1292600
1229,2022-10-31,188.130005,189.960007,186.929993,187.080002,186.600815,964500
1230,2022-11-01,188.080002,189.199997,186.229996,187.419998,186.939941,1074600
1231,2022-11-02,186.809998,188.899994,184.309998,185.350006,184.875259,1153200
1232,2022-11-03,183.860001,187.910004,183.610001,187.350006,186.870132,711700
1233,2022-11-04,189.020004,189.020004,184.639999,188.389999,187.907455,836100
1234,2022-11-07,188.919998,192.460007,187.720001,191.990005,191.498245,716700
1235,2022-11-08,192.220001,194.759995,190.410004,192.389999,191.897217,791900
1236,2022-11-09,192.169998,193.119995,188.520004,188.580002,188.09697,539000
1237,2022-11-10,194.009995,194.580002,191.440002,193.0,192.505646,1176000
1238,2022-11-11,193.75,193.940002,185.429993,186.0,185.523575,1296900
1239,2022-11-14,186.910004,188.660004,185.710007,185.770004,185.294174,889300
1240,2022-11-15,187.419998,188.979996,186.410004,187.779999,187.299026,940200
1241,2022-11-16,187.229996,190.270004,187.229996,189.509995,189.024582,738300
1242,2022-11-17,188.990005,191.110001,188.119995,190.270004,189.782654,557500
1243,2022-11-18,192.539993,194.779999,191.800003,194.330002,193.832245,990800
1244,2022-11-21,194.520004,196.619995,194.0,195.75,195.248611,899200
1245,2022-11-22,195.949997,198.020004,195.949997,197.229996,196.724808,615100
1246,2022-11-23,197.300003,198.539993,196.429993,197.320007,196.81459,526300
1247,2022-11-25,198.0,199.610001,197.770004,199.289993,198.779541,633900
1248,2022-11-28,198.320007,199.229996,196.229996,196.429993,195.926865,852800
1249,2022-11-29,196.240005,197.690002,195.130005,195.679993,195.178787,782300
1250,2022-11-30,194.580002,199.369995,194.029999,199.110001,198.600006,2653100
1251,2022-12-01,200.0,200.759995,198.139999,199.720001,199.720001,782400
1252,2022-12-02,197.919998,201.509995,197.169998,201.259995,201.259995,745500
1253,2022-12-05,199.789993,200.520004,196.169998,196.830002,196.830002,853900
1254,2022-12-06,196.979996,197.399994,194.660004,195.979996,195.979996,562800
1255,2022-12-07,196.440002,196.770004,193.380005,193.960007,193.960007,1029400
1256,2022-12-08,193.779999,195.869995,193.559998,195.029999,195.029999,770600
1257,2022-12-09,194.850006,195.419998,191.600006,191.830002,191.830002,776500
